7105
8813
57147
55732
2268
3075
2519
2729
4800
90529
57185
81887
22875
6405
1080
54467
1595
889
5893
572
51056
4267
9957
26
51384
23072
8379
3927
29916
55365
4074
90293
56603
3382
79007
57679
843
8837
7035
55471
10181
9108
6542
381
23098
26073
23129
204
952
2288
23028
10180
84254
5965
55610
126393
115703
4706
5166
85413
51364
170302
10165
7982
996
6521
3052
1856
5976
8935
292
55013
5439
56919
221981
3980
79657
6296
81691
57019
80256
51226
5577
10943
1387
9256
4353
6936
84058
54677
5244
55904
57414
30812
25998
7748
23077
26224
3683
5164
3675
7543
3920
3674
51666
51573
55049
9244
114881
26022
51087
6833
10368
54972
163
10127
64847
8913
51330
4293
5898
55971
80853
2115
55750
221
55001
57157
9855
79017
10926
6915
3475
56891
1352
9569
54623
27072
9912
60528
85477
414
8228
79602
51265
151531
10942
57787
8842
115098
90273
5048
4843
1770
9703
8522
79090
4145
974
6329
54879
8277
5080
113000
64285
55692
9254
8938
115939
9091
57585
7005
55735
2328
29116
27035
1870
5689
6853
3720
6792
728642
65220
9940
9265
53616
6856
1534
9043
1951
10157
55200
51188
84954
4257
1407
8993
4784
6482
64386
9235
5310
23542
9862
23221
54497
7095
6224
7812
9690
5980
10178
10747
199870
80342
29954
51534
51085
9031
10048
51513
83932
51603
8798
7756
7384
83930
928
57467
9918
25900
2696
51533
56920
11188
23166
80199
6540
3423
7752
920
10233
695
3077
22955
2534
3097
2326
6924
11313
1185
9902
10867
55727
9546
54903
51099
3730
26993
54799
51096
54476
54902
5725
8193
9066
23395
5286
5329
54443
58525
2844
1634
54814
5536
23177
8491
27033
7305
57146
2556
672
2067
933
51360
4007
4057
2137
60481
240
8284
57658
55148
11183
30845
5704
23324
5010
51629
9961
51667
5238
112611
1195
55703
23357
9604
1774
1663
50865
9052
10046
923
10460
23376
23649
23144
823
55
4190
10463
10903
1355
440193
10138
10771
7454
1800
637
9782
29881
64132
84220
727851
81551
23386
55349
22802
55830
27032
3479
92745
10928
22902
1272
6556
25937
8540
63932
55622
147948
23584
23187
8685
56981
57586
6591
972
3082
54764
23154
25960
55734
4331
23034
864
4361
58473
1992
64816
11136
6683
9369
114879
9716
1373
2273
51507
55655
57210
9921
55778
64429
57476
6050
4719
9821
23071
211
330
11215
51022
6617
51071
11171
1244
50619
51177
2730
23304
30846
55635
25901
58528
3298
51230
8630
10062
1890
29781
10953
11231
23633
7431
355
8635
960
56895
57823
11119
4285
5583
3645
3459
11285
9047
7444
7133
55591
5452
65980
6642
9519
56938
9774
55334
286
3381
51106
9135
3149
23279
578
22807
2896
51306
57514
55166
6301
8498
5926
7260
10908
8100
56052
55596
10061
54480
57554
2530
55236
9846
535
8554
9497
321
5606
9168
28990
25897
8504
11345
26751
84908
7414
55789
23604
8439
159
26228
7077
5981
55773
8452
9172
10858
26009
9099
27175
51121
2324
54888
54455
4238
84245
4234
175
55300
259282
27430
23644
7204
1462
23274
4481
999
23517
1767
9765
79567
26064
11063
11284
54831
23035
54908
27067
54896
1497
65078
79142
3631
5874
5685
23026
55341
10039
3371
90326
140876
55775
84883
55812
9440
54884
822
1175
7399
11055
7038
10863
8538
54165
23338
3937
54802
153
9820
1495
5256
54875
2042
3309
1829
54960
8481
2824
51438
22884
64848
56474
51606
5431
56204
116984
7175
1356
23247
84062
7504
57102
6322
55841
395
27146
4134
57120
57646
9734
26262
51491
57545
50484
168850
608
92017
55885
55173
2978
51773
55187
10659
23196
23518
1298
4254
1161
11174
9563
9341
8863
3604
55040
4052
5954
5982
57492
81037
23327
50943
89801
3074
79810
340533
51528
27122
7984
9603
63933
51474
25875
9498
10319
5733
79931
5601
91522
9564
84067
9709
9454
5888
10721
5291
1535
84321
23593
10198
54477
5652
80143
23223
57600
6307
55761
60529
23105
1112
8574
51154
4826
55850
23101
83714
3909
55745
29945
3784
27095
9967
29085
954
4065
51742
23596
10806
5798
55733
23095
2296
25771
23224
57475
10079
25884
23201
84957
2581
51602
26099
3757
8454
10827
26999
23118
116254
5610
57602
58508
55283
114800
23369
84545
3700
3697
54969
51663
55609
7185
54542
55540
10758
131566
6646
5318
4438
2665
639
9474
57458
57095
57504
8975
23200
3918
5218
29927
4659
5923
816
9696
55718
493
9877
55781
54432
55706
1608
84256
64718
6916
64761
5832
6894
5188
4084
5128
548645
6515
5662
9150
8531
55359
65125
55749
11054
2769
55650
10076
9410
23504
1301
79832
51660
30
586
51564
11178
93166
6676
10787
60488
2983
6433
10188
23041
1001
65056
84649
7771
1431
4058
64951
63916
23063
81671
10513
5424
124925
1975
28968
29998
56848
6141
770
79763
11338
29924
55588
57491
10838
8776
2817
57143
3029
6047
841
22998
55726
51768
53340
10077
8839
10402
9914
4804
50937
6873
28996
23534
4207
8625
54929
9170
5476
10147
6558
28966
2139
1265
10347
9627
11218
53339
55711
8537
5449
1117
22904
5378
10362
10203
6882
23294
8943
7629
9351
4913
54887
2773
3843
4942
10885
5586
57418
9697
9423
55388
1606
2065
91526
3735
23536
10954
55633
4710
23013
4638
55854
6416
55248
9748
51167
1308
119391
55176
5588
7089
51665
83641
4199
23216
8621
10797
84679
55810
4904
5141
5525
1496
1994
7075
57609
6602
9682
4802
84217
6550
25791
259266
8832
64834
6688
30834
744
27107
4287
9950
2263
55631
51015
2009
60487
55623
91283
26153
55102
10565
57623
9650
10734
2235
4649
8653
5214
3422
6672
1316
8611
4756
23471
5255
7132
782
7813
9399
5315
54505
30836
79091
7158
7216
51018
387
1659
5590
7544
55699
6857
89795
3421
79641
57595
492
6093
865
5165
8692
9759
11186
2261
3430
63897
80347
79990
4205
55593
7030
4943
2182
3632
27238
56850
24140
55771
65055
23250
25885
9741
57217
51447
55133
3796
10235
23198
57560
22933
27248
5526
5837
8712
5307
375449
54549
55746
64710
55737
10294
602
8514
29121
139341
6095
1815
7049
8399
483
4734
9488
5597
10681
5873
27440
7353
4040
2984
6343
57661
8518
4925
5217
5774
6710
27071
23446
54916
23293
10640
8218
27006
10272
9993
55658
4335
79364
23210
5423
55062
22844
57704
3340
440
10947
10610
26986
10420
29105
1459
11099
8891
6949
998
26031
2046
6559
56852
490
29850
8440
9448
11320
6160
9948
23161
79658
6196
54556
22846
29995
114049
6400
9319
537
6929
28951
26528
53615
6596
9130
60343
29894
140469
79901
5134
51109
5566
22859
87
23503
27330
22905
26469
55679
55515
10290
84708
224
7037
6720
7224
27125
7321
64398
9886
8243
3028
2011
3161
55743
8974
2213
4775
51095
37
6793
23291
9744
1400
2121
51009
54847
54820
10335
79041
8907
5817
7515
949
54905
4171
56666
83642
8626
80216
3993
5151
1183
54475
6389
6605
54752
55876
5927
4185
5523
10979
8647
10170
922
5743
10644
9175
6480
30009
10129
8301
4905
23332
65993
4854
1207
5522
8463
8726
54825
7251
55421
489
771
11343
59277
617
9891
54878
9187
55205
8578
3998
51495
26034
23140
2023
6557
56005
57719
51175
55160
7294
6865
64431
54962
6717
8672
79023
10371
51512
10512
55020
38
23151
9620
7479
27332
55972
29090
119
9462
9605
7587
4140
5250
64778
2355
27092
285527
23505
6624
60
55034
5337
284403
1739
7879
55973
25956
9733
55843
113457
5076
23016
22920
23609
4175
25996
10179
5939
11176
25930
4292
7374
2329
27252
8786
113235
5362
10615
88455
7163
32
9618
55824
55094
3385
22978
4162
2239
55796
57662
5909
56949
9138
6813
5609
8527
83992
5915
7155
56889
4791
29089
4660
54431
2975
3566
23032
5063
6626
9576
56915
1781
54518
4034
143684
51548
10714
832
7107
10003
79960
203427
7319
2260
8468
27127
2192
8516
8530
4133
9063
273
369
56922
27074
2191
10529
55331
3093
5289
55728
57103
7289
8871
5527
2782
1906
8028
55063
27334
9452
4898
7419
5108
57690
9139
1620
83737
27039
58476
51150
57644
7161
54472
51619
27098
862
1015
9984
51661
114880
6507
7520
56925
11262
8569
7145
57455
56681
8556
10411
634
29843
51207
23152
3991
2222
5050
4983
3835
10590
55604
5236
1653
1785
2037
22999
26002
8417
11158
11159
9817
55510
5794
1638
51006
131544
285220
6344
5991
55183
23011
8671
6595
27244
11043
50509
10847
9933
1361
1136
4850
5663
1371
56650
5891
3320
5933
22839
22997
10403
23431
54665
260425
2920
1286
6932
28962
50939
57092
55218
384
4208
5788
79876
9262
8555
22869
4036
440515
65094
11266
65985
9812
93664
56131
56113
51668
23239
5205
3595
6604
55100
2533
58538
55437
9689
5241
114899
4200
55322
905
57579
1310
23136
22837
1741
7188
29093
25929
4779
2932
3693
23085
7514
11342
80036
79728
23033
57226
594
7994
79670
9706
3842
5351
5026
3682
22894
10464
81550
26747
23047
5019
10325
1540
10998
25799
79891
55659
54807
55663
9422
6193
2195
91746
25978
64744
10450
10269
56910
84273
5978
3034
54434
2950
334
57613
6579
51729
8668
79570
1307
200081
338
8648
60509
22979
3797
10890
3030
22924
790
966
3732
63035
546
102157402
2219
55892
2122
9522
5550
57531
81929
22911
57590
5016
29957
4216
29992
57549
5243
7760
231
8895
54700
2017
7481
4528
23259
22996
2060
4998
4258
10523
55054
55230
55624
8438
23139
3301
2683
51510
4799
27292
51194
27102
51314
54749
29887
22929
10573
3049
80271
4680
2196
55696
10959
56605
54469
3294
55787
5475
7462
10075
9183
79796
4606
8310
8898
23645
51171
7205
43
2512
51593
581
51701
94005
9509
28983
56970
9489
5705
51720
1071
4313
54947
2775
55239
6452
8602
118
79944
57544
51637
22795
64395
10992
57542
2778
10059
5744
116154
51290
7022
6790
57091
8544
28971
5990
339175
29929
4849
51206
5775
8886
8570
2767
55616
55741
1789
22974
81572
2036
23348
55608
23483
1795
51161
57017
55287
64147
79822
54675
23368
8455
54498
6614
2280
55968
83959
25943
79175
57593
56265
57506
9762
2160
22803
8655
54997
27131
6128
55423
8550
5027
51575
10741
51433
9962
80024
29058
55184
84678
26074
55617
4938
10985
6175
5829
23409
22895
55614
51605
1114
5037
8315
10961
2521
3476
53827
55900
57655
9843
29965
113540
23415
23193
51291
55285
332
3902
8079
78990
57062
7597
25977
393
170961
55760
23186
55668
8425
645
6548
10558
10914
8812
57060
5996
83719
51650
4708
10726
10296
3383
29888
11213
4069
79594
7023
10081
51324
51726
55214
8646
2323
9727
84572
10795
2802
8761
30835
79603
57192
84196
1947
55066
16
2734
24137
27327
64857
10683
57106
57605
55763
54439
5459
114882
113878
58484
54517
22798
4897
3912
5172
1811
1738
23335
9352
3568
368
54918
3655
11069
51776
23676
2271
23231
7018
55573
51168
54890
22861
83394
9552
23594
79776
51530
2099
26575
285
84336
4345
151887
5720
55012
54930
84502
1053
23428
55644
51310
55072
23256
55632
25831
3183
57096
11198
9878
8487
7051
26277
57556
54822
7301
79968
825
8773
6913
26227
1299
7430
4637
26523
27285
63967
117584
201294
79157
1808
7042
55105
10762
8318
1312
51816
55350
55862
9209
9117
9942
10013
990
139596
8697
8086
23468
2327
51430
4436
4214
1725
29911
120400
372
54566
55151
5711
5742
23511
1384
10044
54187
55357
25861
5146
55280
57715
9044
64376
29760
7093
1592
10580
55118
25805
3589
51322
1390
10101
284422
3096
54209
83795
10321
2289
6732
27154
55168
5225
28978
114327
3326
4295
988
3710
7738
1832
23411
3189
80173
3717
3594
25
11332
51100
8317
84144
5125
6319
11018
3983
79956
22931
8829
56952
54873
23555
55506
387680
23031
7593
79629
4650
9424
57828
5714
54620
112755
80270
9739
9274
4113
1153
513
255057
3483
4670
51257
4713
9524
26517
997
4507
283638
5434
5442
610
53841
113177
8045
4616
8174
2872
421
27037
5902
29801
84861
51586
3053
9342
1399
8216
4320
27443
6598
9127
91319
23786
100037417
1652
5008
23523
83874
56241
10291
2687
200312
23541
266629
23384
23759
51733
29799
6634
23481
5594
2678
5625
9647
339665
8940
27128
8220
4242
29775
91355
6576
157
3957
26088
7290
23616
3956
89781
113791
402055
23598
11078
24144
23464
1414
129138
51386
4809
85377
5435
6663
79879
9681
9463
23331
23539
79019
55964
11015
1565
10521
11144
6942
150274
25776
56993
27156
7494
51493
9929
25793
9567
84271
9609
7078
9701
6305
25777
1727
10126
55586
91289
25807
11252
25809
10633
162
10042
10043
4744
1120
638
3162
27349
8563
4174
164668
410
706
23551
23170
23492
5155
164633
6122
55954
23543
9145
10454
84164
8897
54471
80832
8542
80339
4627
8911
25813
25828
80020
9402
8664
23112
27352
11020
5816
23313
4689
1439
10478
7380
55007
79734
6767
3560
9978
2033
83746
150356
5905
23264
84844
50
171568
55687
5372
27351
64781
23774
9889
23209
83933
54207
63874
23351
2287
56948
1511
2999
3002
55147
10419
1690
11154
5427
79609
6655
8814
51199
5836
114088
5706
64841
80821
1033
10175
10668
51382
26499
5283
5684
10490
26520
2954
9786
283578
161394
10598
23002
145501
9517
79890
5641
8846
22938
1113
3705
51635
5494
51804
57452
51676
145508
2079
3091
9766
6430
6554
1983
6547
23405
79038
4522
8115
79882
9894
22990
623
51527
7443
5700
89932
9252
55671
60686
5693
7528
22985
57820
9321
328
8106
394
51550
10202
6729
9362
57680
5106
9692
80344
5687
4792
51016
5721
84312
9985
10548
10484
51292
5411
5875
4776
5360
63935
2937
4318
30813
26133
5834
26090
10544
9837
22981
958
55245
23613
10110
51098
4605
57446
84174
55969
4773
80336
6789
57167
23394
5203
55816
1477
8480
7165
80331
51497
1522
24148
81027
51012
26164
5688
28231
4923
55257
10732
11083
54994
63910
128414
55738
57642
1917
5753
26205
54976
25876
994
140862
11237
10139
79133
57761
9770
1457
51378
343637
8760
81502
9751
85366
10326
10483
5332
10398
3055
9777
140711
51340
23509
25939
57144
9371
140699
10528
63905
3420
22919
182
51654
6640
5020
9675
1869
58490
11264
128866
671
1471
434
79913
10406
191
26051
81610
60625
116092
84557
79953
128869
7125
10005
57136
56853
9658
22850
79863
9097
9218
64863
9663
23347
8736
10627
79959
29906
55125
8731
4092
9388
54941
23253
8715
11201
57534
5932
8780
1478
25878
340547
5716
115201
412
6907
4935
10857
5422
4281
79576
158800
55916
2986
79868
5634
51311
56180
9949
91851
64743
6839
9506
8406
2742
331
10735
286410
4168
215
28952
778
6855
5355
660
5358
8260
5973
2000
6594
55613
140462
340554
5931
3750
9016
2332
11040
10389
7355
10084
6247
27344
2010
6901
282808
5230
2623
84061
6611
5251
8266
83692
8411
9248
6102
9767
5127
8237
27336
959
7076
56062
2564
2245
5303
64840
10916
5935
11279
27286
94121
158866
2491
1821
54457
51260
2717
51566
56271
80183
259232
2259
54602
10673
22862
2862
81602
81617
688
8428
54
5611
55757
8874
2254
6445
143
55578
10240
10166
3839
2321
28984
23078
160851
84056
26512
79758
8848
1203
10562
10232
23295
23361
8717
3299
11151
5595
79153
79767
5257
57149
10204
9688
80152
55815
10725
83752
9683
869
23568
51090
23090
1723
6361
10664
65057
5432
50855
55565
4324
79650
80777
29070
4832
65009
5713
79918
55238
55697
3038
79613
25839
55512
84138
9057
23659
80004
79152
79726
22879
56942
8312
54985
8131
23417
4350
54550
83693
9013
51172
9717
23406
9100
83716
7249
26048
4833
4363
408050
64788
64428
64779
1186
84264
65990
8140
79006
79791
10273
9028
4682
7329
4210
1428
29904
6650
9780
2935
7727
23059
56061
260429
124454
6923
23062
343
55313
57478
3163
9093
51283
5934
23475
64131
29108
23322
4150
6810
10423
10295
84148
23420
50615
51760
79838
9738
57020
9810
400506
366
79719
64799
114294
10391
1445
8925
9325
123263
51285
8120
23205
57722
8766
1512
64927
80381
2184
57214
26015
9455
30844
25963
64397
22995
79895
4948
56986
2553
7082
90427
23312
29106
55192
8669
80208
171177
57617
11339
7782
26258
50804
23678
5157
79848
51201
55290
23087
79752
760
7976
55756
8767
2138
4683
10404
1666
793
54928
6422
55353
55284
10940
79815
3551
5327
56704
27121
6788
54332
5862
3646
9694
54845
8840
10397
51101
3574
11075
55156
7227
6674
54108
83988
64089
51366
79792
7264
65263
1936
6713
63898
55174
90459
23516
66036
23484
10671
203069
2936
8797
5516
157697
7991
9639
54758
4173
54793
427
665
4125
3783
7288
4924
27294
2997
11184
1891
3191
4793
3972
10382
54938
6625
1209
5971
11129
64130
284352
2217
55011
1158
23370
10848
92960
2068
84444
55111
57030
10535
147700
951
8175
268
4066
4946
55621
8677
56729
2208
1760
81492
79735
259307
79816
81576
53635
166
6449
90011
10859
81857
11024
6618
28974
10469
729440
9466
55723
7138
51231
26017
22870
84167
9441
93145
64926
10270
79852
10994
79744
85360
6795
10775
898
8725
9141
84079
6217
92609
2091
9149
1178
79935
2821
208
23646
57716
51588
9253
10148
55702
56961
1155
5438
728361
25999
6510
25865
27134
333
58509
26093
11100
51343
27113
7040
22898
55101
1089
10226
51073
27181
973
6223
29997
4818
7087
2109
945
29086
7297
11140
8775
10567
478
5802
84518
1954
10945
9266
83743
2906
23546
6320
93233
22900
3978
7728
8605
8778
9545
1628
374882
828
64748
54854
54922
587
54531
57664
5518
30000
51398
2639
10990
10661
1777
22983
79165
26121
29844
3718
6142
6528
3780
27106
5296
5864
5143
51477
8178
23373
1311
11045
11316
54555
2116
495
93436
10430
26330
25789
57817
7392
51599
79036
23770
57794
3249
7561
6324
80714
2077
2931
57130
64763
2901
23094
7639
23474
199731
56006
23080
154661
79846
85865
10156
1021
9512
27000
7980
10282
10135
221830
5294
5446
5445
3696
26959
11062
6671
29062
8701
79872
136319
256227
5764
51678
1687
50617
56829
79989
4967
11033
22797
94239
858
857
4233
140545
64327
3198
10049
3199
3200
3955
3202
3203
221927
23288
56311
7434
23554
6742
79974
11112
8887
54504
1124
2887
83451
23242
55033
84725
6804
10392
2617
1395
2051
84182
835
51142
6369
3315
11333
8896
26024
1577
7586
8662
29886
4521
5803
6878
8976
7965
7036
29999
64598
5118
26261
10842
55131
84132
3614
3268
23658
5054
1174
56913
8985
6119
10467
24146
113263
9678
4899
54664
2146
95681
643641
6424
4232
57037
653857
11281
27075
5919
10551
196
54927
26157
28959
2737
5683
64983
55744
644
55665
55069
6009
51422
165
5425
2645
9275
10652
26608
7461
7458
3984
55064
6505
2218
83856
79937
10927
54981
23731
158471
1955
9830
7464
7046
10952
727
4969
54829
1842
7091
22949
64420
80709
944
1759
2022
203
55664
6019
6013
55848
54662
57589
23081
81704
23189
1993
23413
7016
57582
8939
7306
10488
9827
8777
8022
23586
8721
8395
169792
573
2889
56654
320
23064
6456
5730
20
6461
54926
51104
51010
7763
1855
9124
54619
1791
2625
26033
3257
5264
83937
23268
22841
6387
10613
8661
9033
8029
1787
79009
5599
11196
11101
54780
59338
27143
219699
64072
64115
9806
10367
5532
54462
657
9562
59
3988
56652
84445
81855
81621
6468
2253
10360
80351
8729
57584
22849
79176
79004
51684
22852
91452
64077
23185
23560
26098
56647
55149
9148
9644
10531
79991
1326
22943
253738
10539
114815
54906
7511
9126
8036
7019
8030
8453
219771
27338
6158
57178
56521
10105
64081
81619
23232
25984
1411
57532
28964
6143
84961
10900
7343
1440
5709
22794
51195
8787
54894
7473
443
5889
5414
9110
4591
5023
79665
51174
3837
9570
55163
6198
147166
80279
10951
9400
9487
2584
57508
23125
9969
2027
5216
26001
8402
51655
1145
10743
4927
708
6532
642
1362
9527
57003
51003
1819
117246
11216
6603
3384
9144
27077
55813
1655
64149
9267
5717
3959
6347
6355
6346
5193
79132
2648
5878
4669
3292
6945
8506
51225
2145
1748
84687
1277
6442
51264
10493
55379
8153
239
10014
8714
51747
4355
64750
1845
786
9343
3131
9120
5573
54757
7531
23531
29098
1801
5608
25979
26118
9368
4621
26151
54868
7448
7126
90410
27346
30850
5376
9094
230
6830
83871
57649
55161
2557
2798
57606
54940
23142
64854
26511
57482
8649
4790
374
4126
7323
5602
1998
4717
7350
23158
27309
8821
2549
11275
1363
6164
7466
80273
54433
2483
1182
51166
51809
1665
6649
51091
23321
56606
55294
55247
55296
116449
7468
152503
57620
579
10227
683
9693
3083
83891
55805
55325
51274
51088
25854
64151
7358
10891
29118
1410
120237
10553
1075
91057
7704
26610
8882
23788
23360
7007
6309
56253
79864
27087
3312
4013
3338
54414
29907
9404
23220
23130
10938
5007
81622
83480
28960
51111
55572
55291
9379
64231
51338
6484
1374
595
79080
27339
79073
3263
10612
26973
25906
2352
24145
9828
22897
50862
57562
1982
3587
374378
329
9354
1656
867
5818
10114
25758
26273
8050
6506
29099
51296
921
84680
4192
55626
8567
114971
79829
833
5002
975
54733
29125
55531
796
55553
10944
9600
6207
9049
4928
4728
10312
1119
23086
11234
2965
5450
7450
5715
10536
8496
25766
969
11108
9976
84274
6404
23603
41
1610
65981
441631
83892
4891
9761
4598
81566
10645
51411
51561
506
10728
605
65117
1594
4618
8825
3875
79611
23371
2735
57460
10988
4048
2004
6539
81029
55110
59341
55846
2305
5554
57097
10094
51184
51699
4633
10635
23316
10019
10566
54682
80824
1389
80724
217
1027
55507
80018
83445
6337
4055
79676
8099
4940
4939
420
4256
8437
397
2967
1967
57696
81539
8909
79794
7421
5985
2054
283383
22818
23329
55832
55801
3458
5869
56890
57122
4848
8914
11052
11103
51258
2597
4839
1108
84519
23074
50813
51147
2784
83461
56994
8078
7167
79158
84727
2026
1822
113246
5777
10162
51559
64426
51026
2998
3945
5564
55907
29915
6489
50856
9847
11021
1911
1337
5992
55188
8683
26127
3820
1303
10384
51567
2444
29940
51389
345895
4117
51522
55003
2651
57150
4739
387119
84830
25842
254394
79632
8732
4121
2570
57515
51020
7164
135114
135112
9750
23328
10090
80329
26271
54516
5467
2178
7287
116369
1432
6005
222658
11329
6428
6648
29074
4172
9025
221692
266727
22858
26268
9308
23195
2740
55776
653
60468
79865
26036
9532
51715
222642
81491
202559
26235
892
1871
7803
10973
11149
9439
8936
2822
7915
202
8876
8875
55856
60682
6206
81688
135152
51053
2070
55084
8724
10767
10475
5191
9841
9896
64065
57221
117247
51696
57211
9749
7957
7922
5252
51596
135138
9444
10846
4188
7942
896
705
84498
6908
2979
5961
23506
5528
51069
5754
6722
23113
10591
56940
55770
1347
55754
2762
26054
3617
7422
8899
7272
2030
8838
11120
3910
55603
53405
57666
59084
9450
10279
55914
56133
23438
83594
55722
4124
9037
730
11044
2690
3157
1611
8382
10902
10112
23530
10884
3313
23107
5201
1839
83697
4015
3003
1007
10307
55374
6678
3550
3156
10087
23197
56132
26167
56130
56129
8622
57396
56121
26762
3702
55819
54974
411
9685
7060
57472
79908
7265
4437
5924
2566
900
10622
29102
4001
57561
64083
10923
4883
83989
6897
4012
5144
5810
55299
5618
10723
3565
10111
3567
7903
10007
51294
6500
9631
5515
2908
56951
23398
3977
373
80006
735
10802
79770
23548
5917
23286
9555
10915
1809
4090
1452
22993
57222
5159
8992
662
8614
80315
3274
1627
23567
90249
1962
10051
58515
93973
55171
51300
51185
3827
604
3081
84100
27031
942
51421
56954
26355
4968
3836
5096
7337
25852
80321
5948
5947
55186
131890
9616
7029
54464
8850
590
5276
11235
79782
7474
5210
1294
2257
5576
3280
7375
23527
1894
2771
10342
8287
3373
11334
10641
6152
11068
57415
8087
868
56987
55081
59345
11148
84223
2632
27136
7372
22916
8723
79669
23150
54946
152015
5361
523
80325
50512
7348
10675
23276
22937
79825
57501
79858
11222
57088
51409
1154
7867
93
57599
51122
64689
51555
9136
10057
84836
10289
100526760
26084
54800
23007
7433
25981
6747
92999
7134
4820
1181
27086
1981
28972
6787
6508
54891
1933
8745
1716
55233
55683
81562
6242
150465
3552
200576
30818
51011
4691
10120
80255
7535
10096
55240
57669
29842
51639
9540
51277
5443
10254
9381
2820
1058
9595
90
85461
7781
4358
2976
8890
29959
3694
64838
3676
10213
9784
51130
5496
5136
92840
54760
10297
64135
6209
25801
83444
7841
64427
374291
84759
2888
79745
3196
6711
550
57142
27429
84695
1796
2591
56655
6869
55704
84141
9801
10314
84128
2202
55120
2335
6772
2744
64895
1768
55825
25972
3485
84173
3488
9736
80303
3769
10575
2677
23301
5013
10190
80219
10578
23451
8869
9486
79031
25843
3336
55818
84812
51652
7701
7850
53632
3554
7475
8809
8807
6549
2274
27013
80146
10058
8576
3069
5510
23178
10494
5624
3398
9014
3241
4953
57448
79954
55041
26003
6801
10153
23683
80067
25797
22930
8604
151393
1746
3938
1615
6432
6382
5334
6509
6654
8942
7456
4999
9167
56902
5000
5341
390
1386
63892
22848
66008
54980
7072
51449
84634
2034
1820
7341
116444
4780
2956
65977
6697
2043
117583
10056
7840
607
5396
1718
23341
4139
7143
79906
2882
27101
6342
60676
55103
9068
9731
9917
127428
9528
115353
49856
51253
23463
6146
26038
5768
6814
148479
54206
11315
57535
271
6429
51102
3749
80267
79084
515
5906
3065
829
64766
127544
10067
55223
55870
58512
6421
58480
54856
9181
28956
4209
85440
6723
26232
26270
81563
54823
10459
9829
3953
10625
90231
9927
10216
60672
9887
4688
5132
23169
5321
1647
79971
7799
5997
6738
270
51377
10286
9295
1491
79814
56944
10878
23207
1429
10745
7709
965
339488
914
8458
2494
23046
252839
54936
55700
10352
51179
127700
64960
149371
8443
7257
54955
64121
4811
3964
51440
4548
656
4610
57568
6018
8564
127396
9132
9783
10000
2117
34
6504
962
23266
11240
6390
4237
80135
10765
6675
1486
5999
59349
84966
117178
54680
26279
5929
2635
2633
57576
51463
653519
5129
8934
11126
1889
3155
2582
3399
1380
4179
9129
51107
64175
6513
10969
991
4352
9048
9670
533
8704
79033
8643
10327
5052
8503
10103
8548
57821
10560
2166
387338
50999
80133
1810
1266
23215
2152
5825
8674
51611
58155
7292
9588
55157
3290
3664
27042
462
11123
25949
57035
23443
55758
3925
56181
57134
4751
6195
79947
29937
25936
5629
8289
1063
6118
5511
23673
54996
200010
114883
51060
57488
10849
23184
5955
1143
727897
1509
78989
10274
6794
4297
56912
4317
335
6543
11133
6230
9928
83479
23271
22926
55686
22868
8828
1385
8609
9331
79630
23632
55259
4033
23120
9789
57558
6785
27145
9324
90025
1268
81573
84251
23469
153918
5325
84085
7128
9465
10981
4602
64577
6446
81847
383
1490
83449
26234
80306
9194
10329
80264
8673
64858
103910
2309
84071
2691
6185
60436
118427
5311
9429
6696
8987
10983
5918
64747
25782
196483
5493
29855
11278
7347
27253
64342
60526
57539
894
22936
56171
57404
4709
9330
23314
7320
140803
9615
687
9414
84417
9270
51692
80235
205564
80212
84886
440730
55127
9991
5887
23307
8727
54942
89891
6418
5524
2733
51552
11064
22954
26190
26147
10783
54836
5537
4702
81932
92400
57864
84263
79109
8013
27130
79695
57706
85365
1441
2531
9525
9480
148223
84878
56252
26094
283571
338917
51077
5228
83982
80127
91754
97
112752
10577
83544
64207
10965
4053
9870
27030
23093
55640
5826
1743
57718
7043
79696
81892
58517
4329
8111
2103
8892
55051
51004
57862
23433
10936
9913
114818
1788
54867
54454
2281
64225
51646
25940
84272
54812
29094
25927
53335
9419
4072
26503
79627
55719
3416
83401
3437
3433
57678
51076
5507
84795
26507
4601
10285
80007
3070
26123
404636
60370
55717
79591
30819
159686
2805
79946
6425
10672
284058
3213
1843
79646
7010
10171
79886
54586
79817
11172
3641
2315
29126
2891
348995
25902
84918
80129
5110
57480
80231
84418
54853
64411
56128
56126
56122
56124
83884
63923
63931
91687
8995
89866
92344
39
6950
399979
3762
79684
63970
56159
407
51248
84068
84955
56943
84930
56243
84898
80314
440073
84318
6883
55068
9617
54937
29103
80209
51569
11193
1997
4093
10808
84078
29880
11340
2107
7045
51307
64374
51247
9499
51780
1958
27230
5357
22835
7181
27340
7112
400
83468
80298
8835
4801
51019
317
1846
1191
8795
10174
2185
1135
5533
64236
2053
81790
29914
23435
943
51123
10434
83690
10987
157506
8288
8165
8161
7706
59342
8405
6909
10237
9496
56155
81558
23397
23240
84057
117854
85320
64282
113
84902
57616
55268
50836
79887
50839
653247
79912
79370
50835
55269
256051
1
65982
10520
23024
353299
89884
6045
81627
26984
1475
55211
64091
8702
80218
941
81930
51029
9479
1408
9409
91614
847
29990
7750
10804
2700
64786
576
3061
51538
2170
10657
55116
9034
729230
84265
2693
8743
51193
5290
23244
80008
11019
119587
113452
7579
114784
3208
55791
57413
23155
29899
79712
7852
84083
92
51426
22987
2322
6144
219402
2971
387496
5412
84248
130916
7512
54440
4952
5047
29991
51116
2331
54900
57179
1314
51744
4063
9956
5930
29066
84947
311
11155
54537
84293
7755
79903
6125
57489
5737
54482
127495
25950
84146
343099
79871
80148
27241
5395
83637
654231
989
80820
55975
64224
11335
3181
644150
84668
3624
11328
51251
10124
51622
27434
10268
29960
7291
55234
152007
92014
1211
8434
27290
48
23349
27019
79269
1271
57670
8805
78996
800
6718
170685
653509
5328
5552
9469
80114
55847
1959
11319
5033
8034
11130
9559
9904
11113
28981
35
84329
79039
23389
1031
26994
11228
79365
8082
3709
55297
64168
11059
23597
10549
10212
5585
79002
976
84292
10755
57213
84650
540
23091
57486
64105
10133
80760
466
10102
64333
3071
4327
5204
65244
29095
3164
5153
1017
4035
60673
4778
64375
23583
10376
25895
55709
1757
1621
64756
6491
55355
1300
262
29078
85015
5354
9643
51209
139231
9367
79828
79809
9111
7130
130399
29994
206358
9926
55509
50486
3759
57826
5393
81579
80776
79934
5208
722
725
23682
10888
27161
10608
1164
2181
79586
23549
23363
79843
6560
84080
140687
116151
5266
200232
90203
6590
140686
79183
57580
3787
57468
343578
6385
8202
51604
57727
9217
84612
514
84181
5335
84969
6431
78997
10564
57169
128611
1434
57403
6780
60437
6615
27304
8675
56937
55905
55661
55653
60598
27296
81030
140825
4552
79072
5184
23096
6845
3581
10617
55577
84693
400961
11017
10199
27189
10396
23326
79983
79177
56269
7596
27076
1088
8239
2162
2914
55809
29993
10385
23408
57380
56897
88745
696
6631
5269
57510
89845
3007
5190
4835
221443
222643
57505
346157
6204
4337
8970
9477
26212
6903
25803
6954
9587
10930
116138
27232
1769
54210
4201
401265
81578
1026
6659
2739
57699
89822
6239
6745
83732
51299
51000
10799
6310
9972
7913
9521
860
9208
2069
745
79026
55831
51066
7471
54436
23019
26231
583
4495
4502
80262
2806
55715
2841
171425
84899
5911
10257
1948
9375
78995
3659
65109
7737
23157
55026
4694
27109
652
5732
8603
2868
6662
64518
9953
399512
51081
23163
79637
79902
60386
57409
30833
55154
10485
7270
9329
64794
56751
54776
79143
6725
4987
56731
79025
79144
3553
5342
27178
84269
7849
51141
84172
54520
23550
79085
5623
2962
84266
8192
8744
2892
57187
5469
9349
84938
970
718
10045
9322
56927
8740
2354
80207
6633
6253
24139
7408
8189
56261
27111
80025
7053
2797
22918
64412
63908
1059
9491
92675
10616
56255
140901
6628
80023
55317
6238
650
7692
5126
8195
631
11034
24141
6629
92667
164312
128637
3704
84515
55321
83541
128646
64949
8698
56926
4435
10236
80818
4149
64860
10893
63941
3397
22913
83658
8894
51614
140823
11190
5326
2925
8242
154796
11070
5690
192669
7389
6487
79639
79654
3831
7517
10426
23263
2159
55795
8858
79414
79713
826
84306
79171
84063
10054
2867
10870
1340
7067
1236
9572
83786
25824
83596
3661
3276
6237
5639
58506
57479
60385
23769
435
51119
6776
65266
8678
5582
10131
84662
84081
22826
27245
2537
117154
171017
10436
6756
8409
5199
2002
10245
64430
22863
3895
6495
57381
9787
112849
3306
22890
57570
81537
26030
5858
55288
2123
4974
55112
83543
286336
8021
30848
554
8273
5605
3188
51309
55998
1678
55906
821
54973
6003
64768
83744
4958
89846
59269
79717
64919
1350
7186
79575
84239
92797
5908
50616
144453
117177
5787
8445
8089
50831
50832
54429
65999
3425
53834
84286
79000
5300
54850
23065
23352
50809
30817
23309
79939
58513
10365
9002
10975
2671
9143
9088
117166
84219
146330
63922
51764
23499
6597
23030
148022
84190
27190
83460
79066
7277
7429
14
25953
55504
6049
1892
90485
10142
2791
7979
3092
5782
5447
10875
51657
79689
2770
5189
7978
8910
84060
64921
163131
57622
7538
79644
6691
65997
10606
3791
5471
85378
79924
85359
54487
57168
29802
23753
9514
7533
2781
4248
135
468
53947
10738
11135
80833
8459
80115
4357
7263
80831
3543
23780
5880
3976
84645
200315
200316
26150
51234
7732
92521
9732
25913
9296
51691
222256
79706
7425
5420
93986
57464
64792
4289
4189
2318
64101
813
64753
6608
3663
10234
23008
4698
389549
611
6183
4430
3231
10651
50940
1123
2571
64172
94101
8520
8924
6638
56984
57045
58504
57705
440275
55930
29767
146057
80237
90416
54617
79664
54567
8854
54629
3712
90417
1854
79094
54982
10776
54832
91860
3671
56906
4016
51554
25847
8930
1315
5682
25870
23022
60559
8424
26297
3746
7166
8048
79733
1635
6665
54478
84268
9098
6462
5338
968
84817
482
9513
10749
9526
51105
23639
904
83448
65095
3609
57153
10053
1032
57509
43847
27180
25983
11035
196883
84932
599
84962
112487
10038
25938
58533
55837
112399
55320
4901
6035
4738
1603
7011
64097
1036
7905
81533
84074
2302
6397
79651
15
9459
79649
2258
9070
80185
57053
1028
151648
6192
1013
83855
58986
83475
23383
25759
79948
81926
3929
6861
863
2593
8226
55780
55274
3742
3741
84766
9754
27112
54857
6303
54552
23677
158747
57572
51295
3949
84337
26526
55908
5589
1264
8881
51337
5819
348
10452
341
10912
23039
59272
147965
9667
25873
148229
1463
547
84705
83483
684
376497
55695
83878
79709
79016
64981
25796
51690
56995
51429
84816
55278
51250
83861
81616
4298
2527
4301
81
65975
4705
2056
10095
59285
57688
23149
23025
55201
113730
9997
7837
170463
9518
54858
80726
25804
3727
3270
54795
25830
79230
92359
10439
157922
10422
6295
140685
85441
140700
4046
7140
7136
1289
25814
10844
50632
1571
375775
10298
3110
26152
64793
6874
3911
9885
11047
445
59335
23404
10585
83549
84929
84726
27243
9040
10155
84326
78992
84971
1968
54958
23211
4861
9535
4294
27237
57470
83667
27293
93974
54797
9473
6249
84660
9026
57693
56342
8666
83854
55337
1786
79088
6535
139728
1736
55558
4354
55422
7776
4037
91574
25926
10277
54897
10343
3293
54754
22927
8789
11046
7317
9104
353497
85313
80328
9590
23345
79465
9113
54869
10288
25980
164395
9584
84905
2686
55902
60401
23229
2670
51751
529
7770
126299
7700
6370
1327
10328
23199
51659
5119
6451
1349
2161
80758
4772
3620
10487
5538
84440
51132
22
7187
93323
84658
64432
9467
26061
9779
23473
23180
84077
64145
117248
6533
3748
9476
7376
94030
8572
11127
4245
9945
7283
10197
6155
29893
8639
47
84313
10266
314
4695
54882
1729
80762
7322
60412
116983
54991
8500
79652
79412
79228
84231
4814
261734
4131
3597
54521
1160
84240
7153
10948
5914
84152
10656
9557
8799
2330
10401
5565
5160
10742
64087
57343
79149
7691
55829
22856
6627
3996
55145
85415
83636
91442
341883
55860
145447
2643
3958
79883
3337
65249
84261
5989
7568
79173
90379
54862
83546
4148
6737
54558
10489
10693
22907
5894
5468
23225
84824
51478
55556
84034
23647
85363
1262
10346
23378
26515
23167
55037
10989
51318
79781
80895
8864
51540
5791
5901
5562
84674
23108
23277
51763
10514
6117
5176
7326
60678
57533
85013
51805
25957
64208
23480
55915
63979
1644
2926
10117
3512
26057
57050
3691
23558
3021
85451
91107
9406
1984
23135
10462
55065
3000
2874
54739
1742
10247
157680
4147
51308
84105
6388
2319
26284
54496
51388
7014
27183
92154
116835
63926
64773
6616
22903
5111
29107
10621
54453
5786
7818
57127
22889
480
10763
63827
9826
57111
60484
79368
50717
23208
3508
91703
9633
25974
1802
114034
4678
4595
56259
64900
140831
55544
128434
51526
10955
5509
29958
23743
8546
84327
10207
27329
8170
93611
79363
842
51164
5145
51761
23281
9205
10208
64328
93492
51371
1024
241
10810
56163
1131
4628
10400
6341
23164
1116
5287
25778
1118
254428
59352
9911
9201
8900
57511
23111
94240
7223
5994
7178
55425
9365
5983
90627
79710
84707
79589
54885
79921
55859
84923
201266
2048
10250
55643
84106
84787
84330
5158
23640
1455
84250
55748
28992
54663
85329
10313
5920
54979
4629
123811
84246
23037
22880
9215
653689
84700
66035
114904
113828
474344
55303
90956
23608
116988
84626
57180
694
84125
91298
79572
6441
80195
83857
3845
10526
51520
11005
3612
85444
1875
759
29080
23075
406
10894
272
81846
9645
22800
3295
196441
51669
79845
78986
5977
4221
11161
80017
57578
8650
51241
23508
10001
1965
8748
4017
55140
157310
27299
9811
83876
8932
51124
92259
891
1022
4064
3656
8536
25917
7428
8553
55207
9695
10752
4212
89978
79768
56851
4308
2780
2944
55119
10100
2949
2947
10451
84722
26191
6272
7482
5738
10542
4853
80263
10390
9398
10717
8774
56907
51535
51303
377
79022
54407
10971
57498
29841
9475
91543
4613
23175
129607
285148
3939
6289
63982
3572
10468
10877
89796
79577
10440
23418
6210
4677
57614
84893
84991
3559
54522
79746
3601
902
59340
85019
284252
91768
1794
2012
6660
85004
3824
3821
80763
5555
4038
4607
1643
53
8933
9363
51634
51765
143689
9698
90853
8565
1912
55143
29889
192670
51361
1573
91408
23318
84950
1824
51444
55250
1837
80206
25941
747
29015
26519
9704
9415
746
6947
27202
55858
9575
5156
87769
1284
22873
337867
55082
54841
2073
7174
79070
79587
9743
3703
11095
56
2113
219855
152831
51014
324
9315
134430
26578
55312
29979
60560
55071
301
1514
23670
23287
51280
9413
29968
81689
8728
84868
79616
51347
84749
10993
6927
23014
8638
8739
84900
5025
92558
1840
10906
9988
79161
57639
85025
948
54490
50640
29923
84691
60561
6733
26136
29969
25821
577
22881
80759
22832
10492
57231
4907
112609
2045
55122
23595
167691
6885
79899
4005
51317
55226
26298
2001
79056
4076
517
85406
967
10677
269
10220
27165
3679
9840
84070
5959
116986
2647
1019
5502
10024
6302
2583
7024
93058
9924
9700
84872
3178
65012
91
10956
4284
23416
84946
9053
8763
246269
57224
54806
23493
5570
6610
64780
85021
8676
7006
84279
10505
10574
1961
26056
10322
8291
84865
2016
27345
9958
2799
1368
4193
79786
10200
23563
9764
1783
55336
29109
92922
6553
183
100533111
80003
9816
54583
22796
23456
84284
27097
2752
10228
6041
1660
57710
9857
80896
116496
5279
3915
149041
9290
3431
65080
1144
55619
9654
57695
3357
81618
5270
3300
80326
64114
1593
9470
80210
51719
1329
51455
80705
84804
55654
10913
9392
9648
64965
11250
79074
375248
26122
50649
23479
160428
55576
84101
55681
10970
10154
55198
11137
55332
23325
84102
50853
2317
4752
51028
79621
26586
11061
9882
55901
79866
23143
8803
55213
29079
51131
83548
4008
9445
10253
55270
1910
1102
3936
83852
9805
79020
64759
285955
55501
10643
10457
9771
5879
11014
11097
3569
55146
313
28969
1607
9238
54606
3364
23148
28988
83605
64005
80727
91875
85446
10588
11173
58489
3658
57538
53346
10518
10241
55316
4836
84073
6426
7716
1101
51204
55852
10238
80774
83990
11143
64108
86
4711
57129
6434
6326
10716
64844
57471
11227
6332
10010
640
2626
6498
2058
3142
11311
3586
51133
26750
150472
56300
3557
27179
55627
55339
84317
79595
274
92856
9394
56886
2995
8027
10006
10730
64215
25934
56262
1025
7295
4957
23392
27348
51759
10592
9314
1861
9649
64855
347168
27090
7111
153090
6812
29988
23452
55755
7539
1318
1317
7099
7743
229
55014
9128
2356
10868
570
9550
54881
84253
54534
8818
401551
158427
9568
55363
5695
2516
51531
10244
2800
7507
4686
10541
5082
11224
1515
81873
5168
79075
79139
4609
4856
90865
90871
26953
64425
9373
3590
55833
54840
152006
7094
27240
3452
25822
26206
11258
971
51754
9380
219
84681
84904
55667
6194
10695
116113
51645
89953
63971
7746
5292
2766
23070
7020
25844
81853
55362
10817
93643
11131
9856
3662
63027
7280
55227
8521
670
8737
347733
84300
3159
6941
10211
8870
9656
84547
79969
7172
255488
11270
23787
57176
129685
51439
347744
83888
132864
85462
7097
84709
4647
9873
408
11309
5612
338699
10068
4926
60492
54843
27314
58487
2615
5547
79731
55298
29088
51050
8836
81796
23213
96764
6386
4750
55601
54827
6653
84811
7225
84259
10413
2542
25833
5962
5519
2230
64776
53826
57569
84000
834
838
91801
5607
58472
51496
79811
7057
23005
51203
51103
9493
22801
57082
55142
23168
56965
6176
54852
54839
27229
55177
3706
55075
4091
5330
80021
56924
102
53905
9153
64220
54816
80031
10017
51187
51332
2644
8412
79739
54874
56267
2959
5876
10964
54810
9411
10561
204962
58511
1629
8634
26160
85465
10669
3032
3795
109
5495
87178
51626
80745
1545
5861
10097
10113
8884
64240
9581
6519
11117
80204
51374
79172
10128
57159
1838
10121
1559
79847
1558
26509
84171
57559
9023
84896
3832
50624
10579
1847
51063
403
55165
9585
953
54536
51196
51163
23317
310
317662
51008
84647
22891
170392
140766
6229
80312
1763
316
471
50485
580
6775
2660
79800
54529
29081
6741
4664
9360
79675
130752
57520
3417
29789
9541
6744
1134
150864
55759
10152
3685
30061
55032
84925
57337
9626
84692
10063
83666
55329
9101
9728
29766
84888
26035
90525
83464
81556
8483
54956
60490
8482
84993
83478
10144
8916
55008
51191
57575
55345
55435
51138
3184
5593
153020
22872
2250
84803
2247
55212
84162
658
5910
55132
22915
8654
11107
7222
27163
53371
4283
55589
9908
55752
80144
950
901
246175
8615
8999
57619
306
27068
1062
79807
57117
2028
839
51176
3033
1950
9061
10427
5530
64116
4547
2201
23162
5998
83606
91445
64098
283358
5149
121506
2120
23710
55605
144402
51067
121512
84920
58516
121536
254013
55500
85437
84216
144165
51279
4704
9746
10219
6843
55080
939
83758
5830
196500
55089
347902
9169
1280
8499
84298
121227
92979
83729
11010
121278
22822
55266
8549
374462
1848
282809
160418
4060
6636
144193
121441
50511
429
283431
114795
121260
6996
84934
113675
326625
51228
9815
84260
84915
121643
9818
9107
283537
6541
222484
6821
85478
283375
6895
8608
94
53831
79035
90634
1990
6601
675
54934
91012
7786
3695
11226
51380
55716
60314
23344
7009
283373
283337
115825
144983
10161
2098
5925
55206
283385
23067
65082
79720
54509
8562
81624
122060
64062
196541
10150
84945
55647
79774
8451
64403
161253
643866
283629
161247
81542
122786
57161
6252
145407
83851
145389
122830
8747
145226
8816
376267
112840
2100
85439
90141
8477
145482
122953
122481
123041
10516
122616
7453
283600
91833
81614
9990
90527
4236
6938
6652
10169
146050
50506
256586
11001
2252
3067
9245
663
2958
6727
22893
85455
146059
7090
8125
54939
92912
9051
2108
597
10363
49855
10099
80349
10499
79661
4123
55466
59274
7168
3480
91947
80119
9960
1583
585
5371
170691
55180
25989
5046
10066
79748
145864
51458
5428
6017
55215
11057
56964
90381
4916
55070
4240
374655
55898
55784
5045
8826
64784
79631
23478
84656
5373
6524
3687
7041
64755
79798
5073
79068
7385
1039
10261
55114
91807
85407
9785
54957
91862
463
497190
221184
84166
10300
3801
283927
2653
123920
146225
1009
8996
81631
8720
1012
23174
57707
161931
29948
3394
89941
6123
54925
6187
4716
5170
91151
54849
22980
2588
2622
55090
9611
8533
79018
57336
8844
84916
57610
64180
81577
28987
5636
58488
10040
55028
10140
55275
9905
9520
8631
90506
90507
85464
162494
124912
22901
10351
92579
1213
124773
54828
51651
6760
6875
10939
10650
3613
2774
25800
55197
83608
2589
80816
4225
147407
64762
114799
114876
80000
29919
27043
4864
6563
409
284111
84225
55135
50488
112483
432
23533
7157
55036
396
11322
9123
79092
94015
10966
9775
1453
51529
6904
79672
26502
57521
3607
201292
57332
6398
114804
22994
79755
56270
8535
494470
54808
55520
4152
4089
8792
54877
201456
147381
5366
10609
115024
162427
2064
2886
84299
5409
3487
60681
10907
773
113230
90378
23476
29985
4782
91978
8612
63977
5211
55527
7409
93343
117286
6455
56931
91039
90324
641649
57677
23410
10410
80162
1291
3454
6647
1292
150094
29947
7226
57410
757
351
9980
9875
207
2014
10055
126147
114783
79760
126374
81794
57140
11132
4542
91662
59283
126208
90580
10498
115704
55244
5694
89790
93650
25888
112703
6205
23521
90353
51070
402665
57333
80110
6518
473
79258
85452
63036
114827
1969
128272
79180
5195
5226
127294
83442
10256
6135
58985
51042
127703
79932
55194
63950
10733
9064
8547
54707
84958
23038
84224
3339
23421
26135
8915
3491
5567
10026
64129
113451
6202
11004
5792
266675
148932
8543
284612
22823
126969
3321
90874
55917
85369
5686
163479
128346
963
1952
8515
23432
223
481
261726
29922
57645
25874
8804
55827
9095
7371
54499
6375
6846
5451
84944
387597
4259
55811
64326
81607
51506
5498
2212
9103
83540
8490
6391
5202
9970
27005
5546
83416
51093
79590
93183
844
81875
1382
3068
27
9213
6004
26092
83872
23179
127018
58497
6097
7286
10262
1893
57592
80222
57530
81609
9869
54507
4170
1513
5993
5298
8394
81611
55793
8416
8991
29956
2029
10500
65005
405
23126
54964
51686
84072
55204
126626
51514
8444
1939
25896
79805
9015
56950
55061
11221
79802
7159
57198
8751
10899
5872
6279
7170
91181
23557
11000
9898
27173
10456
148327
1944
89872
3782
25912
57459
3608
6016
65123
5313
57657
2312
58
128061
2590
79573
51097
1130
84451
9859
52
116841
6726
4931
163859
8560
23219
375
7044
29097
3707
2987
8476
149111
79169
129642
142
5664
29920
3930
7483
2052
9580
8497
22874
5778
127833
127829
130497
151449
10130
388
245973
92906
130589
79823
64241
27436
805
494143
6233
51057
51542
55252
54465
6637
84696
4211
9391
84874
23020
64969
79998
51002
9027
23233
94097
113419
165545
8446
4867
55258
5899
80775
284958
6574
129804
84524
51601
151313
129530
3899
23190
339745
80731
5433
83607
114805
8502
6323
57282
79634
80856
151126
23671
83879
1745
130507
493911
51454
165215
3329
284992
151194
285175
5746
130749
65065
151050
79582
26154
285362
57624
84236
57007
55502
339768
51281
64708
129563
151835
2177
132001
9686
5868
79137
58190
9125
114790
29926
85403
152330
51143
27303
114884
84892
1238
729085
64651
54977
3680
9389
2803
10217
9922
23066
6161
5793
54756
55164
115286
9039
10550
7110
26018
8994
285349
64332
1295
91775
22989
90102
55347
29114
51365
285282
141
152404
64422
8856
91653
58477
66000
116931
83939
10840
114885
7220
57552
653333
4026
93109
9711
275
6988
84276
90226
9730
7873
9515
55840
286676
116211
4585
9353
8893
9718
90113
1609
81608
10861
55646
1060
2044
10699
57205
132299
201780
345274
79966
51316
58478
93587
57563
6622
93627
817
493856
115265
287
92610
166378
2169
890
57721
54532
80854
92345
55016
6189
285533
56034
84869
8001
285440
83853
4726
10299
1016
170690
6715
4651
54491
6167
6502
9180
133688
10769
100132916
3001
5295
10184
23635
635
256006
10788
1393
5921
167410
54826
23262
5066
55814
2966
728340
64924
689
64839
83890
85480
25816
56929
51397
9140
84466
171019
81555
23092
9879
91937
153830
114898
2561
81545
84651
78991
2741
10318
10146
91975
23138
55651
64777
91272
3779
26240
340156
222826
51256
10667
54438
54901
84249
26045
153527
2676
26249
51473
81786
90933
192286
54540
7941
27242
22838
4594
79930
29777
170954
23500
5558
90523
51557
221472
222663
50636
401262
84630
202500
285855
4794
51302
7162
134728
55023
253714
84553
2569
10957
135293
57038
256380
221322
154214
84870
93663
58527
116843
113115
154091
257218
51390
6993
26230
57583
154197
9589
9202
79624
6581
221806
2768
84310
221935
221960
79034
57786
9586
1956
113130
3486
5814
136853
4191
22932
2631
908
5723
135892
168374
222255
64418
142685
55262
56996
64599
89122
56257
84928
340351
346673
92092
55281
11011
2041
64434
54892
57502
357
401409
51631
27147
57393
30011
83604
347404
8573
7403
54466
4478
85417
55869
6567
79742
7712
7569
56548
55634
54539
7592
347517
9203
6872
84636
4841
90060
2846
10682
8473
29934
26548
3561
93953
7552
53336
1730
56000
92129
5631
55086
84443
3358
139818
3547
27316
79648
9258
26260
89885
50814
7739
1069
6134
55790
526
55246
79618
2796
55909
9046
51312
91782
80005
6770
11212
11160
137902
8601
6867
51125
84513
84296
54904
85479
1392
84675
137872
28957
51110
7013
6129
115111
55638
1807
92140
29967
9166
340419
5440
114569
8667
84294
4715
83940
84985
56169
7553
80728
55630
93100
7436
50808
115426
4781
123
3442
54801
1030
1029
203228
84186
26267
10280
220869
84131
4915
414328
53358
549
84641
84909
58499
58493
7357
10880
401548
2040
2934
92399
2649
286204
210
23245
114987
54107
6836
26301
6834
6835
6838
6837
57109
6130
9328
140459
80142
28989
25792
114789
56904
84895
3934
90678
256158
57720
286257
91734
56623
9919
92715
4851
774
138151
254427
9712
23412
22921
23590
221061
80013
6251
56288
6935
29982
29974
92211
11128
26091
83938
818
2746
3363
10556
118924
120
54788
1979
64106
79949
6934
4288
1586
9118
282969
80313
92170
196743
9446
6877
23082
85450
54805
22984
8038
6001
84280
133
2620
159963
55327
57689
196294
27315
64852
7761
7762
51144
51074
8525
10480
85456
10249
710
6749
8501
5795
79096
84364
10658
51501
60494
143686
23052
79780
283212
26011
871
726
92105
5058
6188
85463
54970
4684
1813
4863
472
60496
89944
128710
55004
283208
2900
6768
10525
57325
26007
9219
51524
3992
117532
6094
256364
3619
22917
932
9651
79869
26229
9538
80071
1111
9638
90952
84623
10205
51092
84866
6876
128853
149951
128864
85449
128497
128506
79980
140710
140894
149986
54915
81928
220064
170589
83707
84304
83706
5331
740
10435
2197
7108
738
6911
5531
226
83723
8448
8479
9344
124446
22866
53942
51348
51267
283078
143098
3688
65217
1489
51503
2209
84159
1006
55208
55002
219854
114609
221143
26524
10284
23284
57536
220108
4253
3176
130576
27250
150
2823
116966
132851
7424
79839
10666
84735
161835
1740
64407
11098
54545
151242
341032
22948
134145
1793
85458
1737
120379
55216
26521
3606
56158
5805
5305
130813
2308
51232
9871
23457
196383
57647
7316
3708
339105
23657
25819
219670
57512
93589
196513
775
7068
55768
54995
55293
144110
121053
90488
121551
89910
288
253430
144715
196463
9231
114134
283464
5756
22982
1977
9223
93081
1456
153443
9472
64067
283635
51562
145282
2132
129787
65987
4718
10873
81792
80224
140609
2241
63894
57182
26019
8872
132320
83643
132321
55691
5800
2059
27034
29087
112936
23310
143187
5860
57700
374618
79691
166785
152485
5458
4306
1646
10570
27287
101
3698
22944
5281
150709
3628
54842
9781
8853
6868
2313
3758
120224
80014
79682
2180
291
196394
636
60485
160857
51594
6999
60558
341880
26278
5042
55835
26272
64417
56477
79668
2674
143384
667
221336
7073
9531
144423
121256
29970
23704
130340
9910
91409
148534
80097
112714
460
130074
5784
4249
81615
253635
79833
130733
5457
79596
57105
2895
115761
26040
120534
57724
9050
498
115106
147339
57405
5163
5140
83439
10618
284948
56659
127933
83734
134359
6695
167555
117143
2977
143884
133746
9456
7518
66037
284306
374928
284309
10172
79723
64421
55301
10557
9397
116412
219333
152137
814
55521
678
255967
130271
5213
114908
2893
285313
79925
8404
1758
4154
133686
23171
2697
10309
54514
55676
53918
25780
51128
347732
160897
200132
79819
118932
10160
24138
387700
53354
56978
9987
3087
7402
2911
5796
9453
51351
115827
153562
5884
9412
5352
55351
152789
166647
1360
285672
55203
10283
3140
6728
64946
9425
23589
146279
55024
51061
1601
130013
55289
10018
64682
831
60592
1047
1070
8467
221711
654
653489
283349
3192
5903
25909
10461
84910
5801
4929
130940
22925
5937
6328
10225
9481
51571
50807
22878
153643
125476
79888
153478
57407
124402
146556
26175
3621
121793
113622
112616
25827
7342
64795
925
22934
5789
286343
154043
2960
10428
90316
55625
339145
136895
9407
221895
80790
55022
9320
130888
1054
79047
148103
255231
163175
23576
140890
1105
162282
8526
9653
124540
781
221302
284161
116150
223117
5529
10750
125206
26289
26256
55364
147463
135154
7070
123872
404550
219899
57338
56172
90268
84959
54538
64221
116337
84897
4900
54463
1010
2838
9868
25890
284
26207
200014
204219
5578
79705
201134
64090
10350
23460
10349
23461
5169
55286
7345
375056
84976
23043
83648
252969
5239
89780
84033
91694
81559
55740
126731
57630
115362
9184
129881
118856
388650
518
728239
135295
27295
8470
6921
23643
143471
9087
1525
10950
54149
140578
5651
4685
91133
5137
27342
54148
58494
522
2551
9510
80746
146857
7508
51244
152273
201163
285381
92106
23228
30827
220134
9989
63895
65258
51560
146956
2047
84532
91369
7566
81552
139322
27123
113612
222967
80028
150696
221264
4956
7071
5799
51582
528
55529
51633
23097
112495
158219
55326
64210
55361
83742
118813
401647
152992
81894
6782
64092
29761
65983
54819
388272
4343
389
333926
1622
6566
55027
378108
84365
5018
9056
9947
23367
9337
2890
136332
133383
166968
23165
342357
138241
118788
129831
7273
11326
9601
79831
255762
146183
130535
285172
130540
151254
65062
8324
200162
64798
56254
133522
9844
1836
134353
9443
158297
10670
25769
92370
5922
55005
6503
51643
7411
116442
1193
2334
286097
23426
137492
3798
4107
23362
138199
90550
91748
118491
9630
145483
2776
11197
83873
4325
132
3778
10538
1633
9508
286148
137682
128338
157657
5470
161502
57188
419
9154
123720
10563
29104
10069
10600
10694
56911
84779
571
7102
7074
57466
6103
23552
84108
122416
119392
118980
9556
2528
122402
8817
5097
392255
7381
51001
9791
5521
6156
159091
6832
159090
1915
286151
80201
3098
219743
84295
135228
4838
10394
9246
25921
219541
60685
27020
23522
142891
80223
137970
10813
9131
5603
9530
931
93594
55093
29028
114907
286053
115509
78994
64319
391059
5261
64645
163786
3681
115416
23355
2585
375323
93010
255027
701
5147
1974
7862
285367
9797
51738
6396
9941
123803
9372
491
23049
115548
11030
134285
7079
3084
54953
1376
55707
7804
200008
22976
261729
23648
9069
4323
8321
57798
203328
146456
348174
10901
283971
221481
11269
6483
197258
146433
115817
776
3815
54768
132949
7567
55799
54778
9133
145773
4643
26060
134265
1831
10311
1859
3772
2078
2114
90139
150082
347734
84187
4599
90993
25966
257397
124565
257169
114991
9162
203197
136306
79856
254048
673
10568
84262
9478
57728
84255
10239
114793
150946
121665
92749
9364
127281
8764
55229
84465
64897
5192
11079
55698
6497
26100
26119
116987
200634
100310846
5051
2134
7780
9577
84676
144406
63875
1844
57822
91544
338323
138639
79623
4690
3242
114822
127262
254050
195827
7498
55113
26504
2140
199221
11013
286527
2176
22808
10163
171586
83850
55179
64084
81035
388591
8450
387509
64849
114928
54933
26053
57477
3017
995
8365
129531
9669
158787
375307
55571
3745
340348
9542
23382
9334
912
9825
911
55199
55567
653361
93979
90121
55607
124245
130617
81544
1780
5207
212
222068
84919
26958
56946
90737
137964
168507
9753
8407
2005
56833
85414
54935
115992
4681
3362
50848
7391
124044
4817
9191
92822
10361
1896
8822
978
65018
8703
2039
9507
64760
4720
115584
2207
84134
4359
57805
57685
56990
51735
2035
54069
79053
54461
56683
8867
94104
3455
124995
3460
2618
6651
29980
9900
1465
714
9992
516
1827
65264
148523
11267
54102
149473
861
873
874
23515
8208
23562
6493
3141
342096
80274
201176
83440
5763
23569
51094
51706
5710
23400
130951
5692
7832
3099
715
11189
8659
57519
117145
7062
197131
267
112950
266747
64843
89970
149483
60313
8883
51249
221188
84229
1636
374739
131669
9813
10417
84303
1487
55282
51673
29800
9114
181
57732
146206
388284
9715
6002
5681
7791
29
284348
150275
7773
203260
7673
4882
7638
353355
9310
10020
115650
2909
5739
808
1676
79140
55721
56063
55108
653121
83858
29101
118424
149076
252995
27151
2063
126549
131076
203547
8997
148113
9619
7033
64699
53347
89765
54020
5152
10785
4731
5316
875
7307
1409
11077
23076
8566
2539
1476
8568
56894
7109
139716
8209
23308
326
755
7617
81543
3689
85395
5900
10841
84221
4047
7410
8888
54058
5116
23181
6285
3275
125875
7757
11093
11094
11182
138162
148206
26086
126526
147746
286207
27433
30815
92799
112724
10444
84885
29941
57731
84446
125965
147744
84814
57551
9442
162989
23387
196264
120425
284086
116238
9159
6294
917
6271
26097
51043
80308
6464
55823
79671
103
3570
55585
1141
200186
55129
2224
23623
10712
79957
11243
9673
4000
1234
23218
151903
5745
56893
221908
54865
149499
115352
563
2264
1576
1551
112939
3101
54742
9592
84124
10898
4061
51160
4796
84939
9401
9684
84449
84988
8928
80228
54784
10603
51149
8878
11282
6132
9794
114770
222229
222235
222236
5701
60680
126321
373856
150223
164592
1857
1173
55324
5130
126433
93099
199746
622
199745
1346
84911
115399
57125
93210
22806
2905
2232
29115
51
5635
114757
6427
84765
55260
317719
147872
3060
126133
3678
114132
25946
4356
146894
162417
124801
92591
284361
126119
284069
80174
113026
91010
29127
113251
160622
125950
256126
147841
221496
246
340205
115950
400569
58191
388325
255877
433
8741
26168
2256
1973
6154
51728
79622
197335
339123
124093
90864
254528
80178
899
57465
51005
4917
146439
124222
114984
124220
7627
115
22941
81570
10825
220002
220004
80150
2785
51035
79081
283237
10629
10482
6811
283130
6159
3699
84447
7542
8986
4041
219931
10158
6886
51727
79656
65260
79699
54987
4116
26027
25973
163747
23358
8613
79707
5563
9903
57643
10691
50651
57190
205
3716
55225
11330
84328
116362
54751
284723
22977
374946
9249
4146
7805
9672
553115
81493
5928
57648
81629
255104
127733
55450
249
54361
6339
54587
199990
1953
148870
149233
9077
127795
4774
115209
114803
83941
7398
8880
91624
11080
64123
127255
127253
431707
51375
8707
22854
284611
113802
148423
2634
127002
115361
284695
164045
2672
178
7412
2135
148867
23528
10092
114548
84838
25893
89886
3765
93185
4921
8682
5824
23385
57216
114836
25903
127943
2215
284525
126823
148304
28982
149647
467
64783
79961
126859
163589
51278
25992
10380
128153
79762
148362
51205
128025
55083
64216
163882
129285
55220
148811
91461
165140
23498
148789
9261
11009
9214
5284
824
128308
574407
80232
5966
150962
5194
84542
51127
130132
27185
51072
84661
129450
79568
130814
26225
151354
3760
130162
2487
142679
112942
129401
165055
150726
80304
79677
7447
90557
3020
554226
56997
151473
6443
132671
115677
130367
3625
129880
56916
27306
10611
285555
23248
200539
1520
4487
133015
149428
114905
79626
388695
79005
6944
2071
284996
55677
388962
10602
6282
90957
9938
6280
6283
7039
126668
151195
7855
54876
388701
4880
132789
250
2565
152559
152519
118429
113510
51023
8545
84142
151556
10654
57326
90780
204851
55891
127579
149095
1293
55765
55249
84541
285203
56203
128240
56983
55356
476
6565
317649
60675
116064
11167
25802
1999
92703
92691
3490
80128
200185
3577
10109
128229
7203
84283
6746
64320
27148
134
152110
285025
3549
57650
8320
57703
64343
7048
55139
79885
83417
50852
2199
79411
201595
131474
23114
115350
151246
5274
23122
8802
81788
6708
5584
4332
149628
3428
9447
151651
56648
200916
151742
130026
1493
29851
23429
151987
131450
29083
25871
152185
57577
8618
1040
23001
285521
5783
213
132200
132989
80145
6314
9861
166336
56999
152926
131831
8833
25976
57018
5806
8820
85443
7871
6133
201895
11102
57406
1776
200844
54502
323
132014
84818
78987
285368
115795
26577
23350
64419
151613
2921
6374
5473
5196
441024
2919
25898
57047
339965
2992
84343
11073
6259
54861
7349
130557
22950
151056
245711
57456
56992
7047
23160
51304
64866
7123
54716
54585
79443
1230
79442
54859
51725
151636
7707
349565
113444
9204
131601
55689
80149
64769
79753
7802
5437
28999
348807
94032
200879
90407
6184
59343
26508
55764
5984
116832
8314
7086
5580
91869
51460
26354
55193
57654
23272
50650
7884
4043
131540
200931
26043
165918
54965
4241
6286
84448
64789
149461
79078
114625
51058
9255
166929
23173
79982
3015
150159
133308
56898
10424
993
820
51385
285231
5364
79714
84126
51246
10252
8927
327
27152
63891
22824
256471
80167
79012
84315
4486
23132
51368
2912
1849
25886
132160
80335
401152
8492
9348
3148
8819
11341
4085
308
79884
2982
26269
80817
3248
140458
152940
55314
51313
80155
3600
729830
27236
23379
64399
10393
6059
54726
11157
55751
90826
3673
4338
51151
10085
153396
79993
91942
133923
92255
202151
25836
285671
84059
91137
134429
5229
2151
153733
651746
134147
401207
133619
2150
55109
55255
4724
3360
11082
134266
166979
153642
22836
81789
256987
133121
285782
836
201973
51752
64167
202333
57587
253260
167153
1879
57763
134510
340069
84135
7098
3818
10412
84340
7015
133957
222611
23305
23176
134549
2661
27089
116842
375519
10559
2898
115004
167838
10370
153222
285761
94081
154075
114801
57107
134957
133396
79722
221476
221955
23366
9263
29896
55568
79685
6208
10466
154743
54329
10569
6100
9232
819
168667
285613
8645
221458
7559
222962
26872
55536
54468
222223
25862
94120
154865
23462
619279
2171
6469
117289
1278
84624
92421
26266
25798
22853
1508
10395
107
157773
256979
136288
3174
5828
5885
169026
90390
4982
157869
5260
114788
23514
5001
54919
1669
734
1672
23353
55074
157753
115330
2852
202915
4846
79778
761
26173
1020
6522
10922
83590
154791
2636
51808
501
221937
1345
116039
7534
79870
8323
115908
81034
25879
94241
55656
25962
2669
54704
91147
9897
138716
203259
84688
6619
57462
318
157378
11168
203238
51271
54769
6850
55335
19
4783
137994
55798
5568
2395
157848
137835
256691
136242
216
221656
138050
80318
55582
84267
3190
79987
203286
2203
84302
11244
286464
1536
6990
155368
58526
158401
254158
158405
138065
140456
5277
2277
158131
55342
1365
26130
84270
65268
538
195828
22829
139324
4712
364
65083
360
158234
7415
84720
30968
254065
26050
9833
220213
94134
120114
143279
254170
203522
9075
171546
7486
220972
7253
1073
10910
2957
219654
283209
220963
2350
3636
2706
51084
221035
221150
221154
220042
51585
63876
140801
122769
6166
55172
11067
139081
7570
23588
161436
9147
84881
382
123016
57156
122945
219287
83592
89890
158584
11164
51339
222389
509
8559
83860
196740
7417
402381
118881
6571
118987
84858
23172
169714
63877
64324
10935
10495
27069
51266
6621
120939
23203
10807
158067
11092
7248
8328
3251
118426
138311
116225
219736
5979
9188
9790
282974
57608
65991
90809
64745
29986
57447
55701
26012
51222
160419
840
145376
153579
55088
56339
6297
118471
142940
220081
53349
259217
10023
80019
26287
144455
143872
122961
283310
120071
29763
145567
91252
5702
5913
79841
123036
53981
64112
122509
3429
79789
29951
120935
9317
389941
783
9200
221079
56935
85459
79101
25841
27291
154810
5654
3990
9702
255394
161742
11245
83700
116173
112937
170689
55530
84706
81693
51762
121457
27079
55662
4714
84936
54866
6692
2200
552
120863
654429
29117
1152
115708
8945
27343
9529
25911
55323
8539
57567
79803
123228
9221
221120
9318
2562
121599
8879
10818
10576
5092
25820
146562
79827
55800
1353
7753
196951
252983
8065
196446
54838
119032
717
79156
55273
119504
6609
322
79933
25961
160140
54765
101927581
3611
6881
1200
8642
118490
1528
159195
5896
119710
126248
120776
374868
8495
51700
9710
5271
7275
79608
4004
3419
256764
122618
84460
143570
9866
254225
6157
6764
124359
222865
55839
56672
23300
123775
440026
123169
7702
54495
4239
7465
5598
5579
50810
8509
4176
26253
7551
338339
7589
57494
146227
7084
23423
146167
90701
339302
65084
115811
81565
201161
1014
6236
51647
7184
4160
10904
80063
780776
27018
80975
9382
144100
80095
644353
567
9640
113201
4837
116285
164
162394
89927
9665
113174
219539
5479
3948
84191
160287
63901
9768
374654
197257
5346
8800
124491
55897
290
348093
89797
348094
92292
162681
84516
54386
5347
10845
11318
9880
6866
4640
23306
4665
23339
6778
219988
91419
114794
6809
54948
79837
54893
7529
84419
6447
26585
222950
81628
58475
84689
115752
23582
2038
4088
4130
91433
64400
10982
59271
4141
114785
245812
2923
11051
4824
129049
150290
7008
150365
5090
2793
5245
6632
158248
201191
138429
399665
80221
2801
26995
51117
10999
81605
51148
57171
2021
56905
57611
6668
79170
10229
51704
1398
653641
26263
23102
64127
124460
125336
83473
84064
7644
3481
257160
51755
64174
54920
51367
64772
10632
915
125058
146705
4645
10449
6786
6240
55128
64122
112476
7571
126298
7769
7733
28227
79759
9726
79001
4025
762
55181
7171
4218
2879
90007
126306
199786
55295
54815
4597
81620
51693
29123
124045
124923
147011
6137
121274
784
147015
90313
8085
84940
121268
7846
84790
162963
84436
55762
29946
57701
53916
2819
148137
29785
558
84807
147798
3903
57348
114823
148170
284339
116115
83696
199713
7705
284349
94274
10653
90522
8000
1613
1938
10036
80700
84717
729359
10501
55311
64359
79850
51031
113655
2875
90990
124935
83547
5345
124997
63826
55720
162514
374875
124936
124975
84798
3816
3817
55769
125981
55611
283248
51129
51293
84926
3489
148156
4723
10263
254552
347853
7001
7775
79003
10871
11314
83659
283987
3396
10476
92162
2125
6730
146664
147138
7083
137695
284110
147184
84514
83986
90850
25837
64223
1877
1775
1632
57524
21
54442
23524
146434
197358
54949
1642
55048
220001
5866
7439
2495
26580
5436
6520
144097
89849
26005
9881
199223
3921
956
1499
54986
8772
4054
10004
29901
116071
7536
5871
283129
283234
51435
55872
286133
5368
10980
5049
124401
84309
57691
5867
55209
114990
79725
149603
84376
93487
54541
3516
55788
29063
5729
125488
132158
92181
548644
28511
7266
169522
359948
64943
2299
440957
388753
3800
4247
648
57215
27249
5162
54899
3008
115294
200845
136647
8309
11170
3660
4336
1524
165904
84684
123099
11280
378
4735
11259
84879
1841
6890
84289
23192
197259
55159
399
377007
91949
51362
10963
6338
55806
84203
11031
80346
7148
649
11273
9796
256309
661
2237
8436
23255
124790
2339
347735
60684
1281
2675
3622
55602
154007
79064
6575
83657
79089
11086
6774
90204
8754
2668
135656
8313
4725
90075
167127
157638
753
146212
9122
3575
29100
53353
128488
10768
134218
11142
255743
766
51252
54910
26505
2948
54790
80319
79867
6474
9677
10098
116236
9925
54921
161823
9836
6645
3592
22847
53407
27065
166793
85476
392309
56884
55308
84913
54851
6439
10713
79155
388969
129303
51255
10791
123355
4144
57507
80723
3635
3954
1504
440387
92305
5480
10251
153241
29091
79853
56947
2915
3965
8681
10815
221749
27036
1876
10116
54951
521
7386
84179
1285
5604
3187
3667
4204
51481
65110
4920
367
207063
254778
79663
8623
293
113189
25849
53944
90362
55130
84632
6940
22809
7336
23099
126129
23214
146395
4330
27301
197370
90693
3596
5865
10421
284654
10636
26000
10960
148823
53917
27166
7059
11238
55974
1942
3627
23117
79628
6373
8233
51068
154
8706
114787
7881
65008
126669
55276
202374
64805
150248
23251
9197
10073
8738
25942
200894
6036
6037
5747
728194
5724
5780
6039
51305
3576
6335
166824
169044
6383
1043
93380
83877
203100
59339
25932
151258
1880
196074
54967
9839
5093
3094
285605
7441
9022
283899
1677
27247
84168
150468
123207
83640
10887
654483
23119
7798
284004
699
83985
201255
1138
201254
10555
79058
2815
2194
7555
4493
64118
2873
5986
51181
7580
9079
5881
145957
3987
123591
22871
202018
7360
84894
3185
686
55454
6091
3175
57099
5028
81844
51327
7480
163688
9185
4584
94056
3684
8460
163590
4071
23252
161725
2990
8019
51621
9758
23414
92595
65988
79724
83756
131616
10746
126789
83443
7584
201798
126917
57555
4648
1107
201799
25924
214
7532
10477
116840
58485
9196
285596
9283
375484
201931
51617
197320
123606
2298
2848
7324
220988
23235
57484
9720
1140
2993
84640
9121
140838
255239
56985
2172
114825
373509
55031
10015
7988
56246
84140
8427
2720
84520
10826
10491
54714
6588
23587
152189
11337
284194
9482
983
7314
4798
2167
56980
10678
2353
10972
6419
4086
121340
285966
10446
7779
166614
91752
55890
130827
3856
196374
136
121214
4255
196410
3035
152518
160518
929
202052
202051
57148
84305
51237
9963
4862
53343
345275
5036
79071
5209
79905
23204
5272
57228
1000
133418
10736
6773
134492
26145
3308
3171
375611
28991
6444
121355
7564
83787
80196
98
80305
11016
100271927
9306
347273
162979
5429
143425
3790
27288
3799
2861
11214
55038
283297
341276
79145
94031
3344
442721
8419
84669
1056
8493
2850
25948
84864
51499
27258
9778
9788
79188
11236
6203
5319
54360
79042
2941
84437
4696
126014
85315
11162
26115
5314
392517
120526
90338
55786
112464
1084
341019
80310
10761
1901
80131
5569
286046
203062
2358
2357
9637
83595
53838
238
883
4534
55006
3643
55669
155038
4902
27094
2525
155066
5581
26248
84522
117579
10474
9655
29071
79095
118812
79894
55657
203245
64080
2897
84233
55863
81603
81831
49861
55561
51282
3726
219738
140738
116844
79801
283742
90594
126070
2548
124583
84287
50515
51013
5223
55636
157570
541468
1184
11076
3752
8862
170626
170627
27115
64979
51545
9
283455
147807
4163
57684
8941
92126
9533
171023
65989
54811
24149
93134
147179
84525
26735
84230
389852
26156
55144
138881
5481
255631
2110
5734
6902
4761
4135
23440
598
5356
201514
1826
10316
22883
51523
10782
5293
171558
84275
8507
80176
5031
2186
170591
284307
27197
2857
57449
55729
198437
10287
6919
203859
8841
284680
10243
55092
23261
3960
151827
5053
79029
2628
115727
4807
200172
596
83695
1503
85442
83889
92342
54777
1296
170394
163255
10218
144699
5394
148268
4815
4300
55138
6241
51112
3456
6227
719
55178
5728
6201
23627
246243
5621
146
84978
361
57834
83660
654346
51030
10517
7764
7857
91647
10465
83450
126295
149840
221037
11346
80032
4118
115196
83452
7064
728747
2596
3913
10869
5859
94103
8293
8462
6606
9451
126308
51315
10201
54205
926
55106
285335
257019
6641
27085
79736
28998
10892
3669
154141
3400
2845
10663
1051
566
10605
64581
375444
114900
257194
7690
140733
1798
682
25988
253782
55304
55352
112858
8708
160364
669
10248
199857
8801
80765
27254
10231
3603
64137
2783
220136
390191
390190
84331
79849
9854
9915
55970
83886
171024
150353
10978
143941
221421
150678
54676
55277
53342
9338
7572
79694
142684
4299
134526
9158
57571
54971
5499
3054
1521
348938
54221
408263
5139
10125
89857
118487
122704
10924
27289
5883
30008
121275
729092
253725
80194
64393
93550
387357
148203
91607
161142
57175
84750
55222
80198
221468
169270
1072
23023
79612
90288
80011
339122
283985
55871
326624
167227
254122
6169
5017
5916
283848
23491
54961
8824
57546
6670
1657
254042
285268
51162
55191
1717
206338
26960
84153
26579
338692
4615
9943
9390
23133
253558
130
10524
344558
79877
93624
257236
156
5970
132884
340252
283450
55731
54796
50514
339403
10855
27235
3310
51504
54674
22992
142827
203054
78988
64318
2101
29984
80070
150684
65059
4580
111
54625
10800
165631
1163
225
130872
22885
126868
91749
81839
2745
9657
91683
2804
134391
10655
158399
153770
56834
6623
79812
653784
8658
203523
49854
79660
56977
4296
10221
10089
713
712
79625
4973
256710
1605
1600
64801
51126
339834
6288
440574
254102
83591
79102
26472
10534
6599
147687
5797
2286
7423
79834
8793
4485
8794
29925
92597
90441
1464
257364
64859
165082
1106
2829
29903
10803
51134
27284
11163
5091
286205
64802
78999
100128327
6573
27129
9986
7388
80835
1964
100310812
256643
5707
10149
56667
26032
57493
124857
79703
9804
200159
3267
6777
924
375337
1267
3728
9001
91646
10209
284131
57674
220359
81033
1263
10276
23333
162466
163049
80012
26996
84733
6712
27333
83759
84833
3212
114897
115123
126074
353189
5936
128344
152002
165324
220416
8557
9973
375387
84984
80311
200933
220082
2787
253512
138724
947
8722
253827
23592
283951
81793
7096
10333
345757
285704
152877
57495
284613
254359
54931
6403
348180
23269
144577
392509
54872
10594
112
5306
9416
7634
741
57659
8711
23051
23612
162515
201232
148979
55584
127435
219833
9156
253959
3981
7201
389524
137735
488
55055
6124
10302
147323
402117
400073
170261
26047
442117
158038
582
10260
9543
257144
400986
148808
246330
148014
283446
388730
65003
53833
79647
55167
162968
133022
1240
90806
7368
339855
124152
6578
10781
3177
9024
11041
153339
285590
55196
51574
143282
9975
25855
6138
132720
3265
151790
6731
126006
9610
152816
152815
9662
8322
57124
685
5174
2015
201627
201626
11146
201625
10897
254263
171389
126328
51319
257062
81876
81490
125988
285315
26470
253982
253980
9934
155185
29909
388611
2523
170506
26259
64837
6580
1488
9435
79683
545
11065
256356
80124
149420
92369
5897
7189
55279
201158
56945
55690
65108
80851
388403
253559
5708
22843
131408
1466
3626
55486
1649
5095
123346
10540
4878
79797
10106
9793
392
10025
9776
89792
148345
23015
146177
9537
378708
22845
254295
117144
9134
85007
1474
196996
162655
27257
8815
319
1139
56674
56675
5771
84285
4087
8665
219749
285598
1212
5122
4023
317671
64770
374403
9092
79772
57804
126364
23529
390212
143630
387787
10008
57010
144245
10589
79836
7352
7351
83638
80227
51642
5870
5029
8061
2072
79783
11007
54968
6199
116028
146691
58492
165829
126695
146712
22877
7025
54998
158135
401505
400359
55508
169841
8607
2810
4482
643677
23399
2118
375757
202309
10458
797
340481
54084
79666
2
379
285489
57633
63893
93129
84747
163259
400224
84617
116068
126792
79898
56673
26471
9832
153364
286262
23630
113829
55057
9807
8636
1479
7525
79643
10301
402682
4161
55254
55346
2877
284001
124535
8877
664
339344
79915
114926
342908
25914
414149
29882
339487
159371
7694
1351
255061
54993
79369
246184
3291
51379
6051
163126
63951
126272
349149
9699
56888
84277
283377
155382
161176
1196
254531
28232
284346
79446
112869
11145
148252
653583
222171
2788
205717
124817
138009
168975
9920
84002
80122
84823
51115
51320
150280
220441
4642
9884
627
79635
197322
666
283933
401466
375189
8851
344148
286514
80230
10409
374819
54621
10265
284207
157769
55884
2902
6664
7298
5827
170082
9240
284358
23141
733
2524
374786
51301
200958
51078
84901
387758
23625
6470
29952
9632
158521
140775
4524
147685
10522
345778
283232
147912
3467
23403
54503
153129
340485
84942
5426
150368
391
64787
196527
403341
171483
125228
6888
8408
284716
157807
6197
374907
80324
80205
171169
347862
493829
11253
3738
8325
219770
162517
3737
7156
57513
253461
139105
64925
221091
29928
3090
8541
64110
89766
219285
5074
7050
125170
266812
167359
930
7182
2828
122970
284119
10425
375316
10009
51480
56475
79751
79874
475
148109
79718
401474
9332
497661
55367
126069
6181
83903
3725
23283
79605
2629
28976
23765
57104
619373
57085
283316
168451
283229
387082
54943
254827
977
5441
56975
25945
83650
389289
9772
2314
6666
10949
285525
58529
3766
66005
253639
8269
374969
285267
387856
1176
2885
360023
7334
151188
30832
158056
92806
113746
51272
6232
60626
55272
140461
389812
440836
283417
285601
388951
388886
55929
92949
254228
3615
259173
4291
339906
25915
205327
54762
55620
83983
51027
9659
1662
727909
728047
4729
55152
163071
85460
167465
254251
84552
285676
25970
340152
57191
143888
5339
387694
285498
146547
125919
441151
63917
11180
348654
360200
282679
8834
117608
26251
152573
120775
90637
389072
7766
84792
63973
100653515
57673
221294
2731
84987
157777
54681
196403
55175
258
404217
788
767
940
9852
2066
4094
56998
2081
2859
80034
349075
84875
23512
63899
115207
200895
54913
2907
7056
2814
9377
415117
151176
57184
22882
27132
124599
4351
375593
26873
339456
135932
124989
9242
81575
144347
54512
147991
6879
285346
2304
5198
81888
79415
79818
2580
51341
7284
127254
80010
80169
55030
6415
27335
114932
112574
161829
9212
93621
285237
84314
23212
283849
55920
283284
220388
286499
54344
374470
1537
5187
160335
84667
2193
144108
256815
55095
168537
59344
80153
285343
2517
222659
199720
343069
128218
144348
811
9500
100506127
143458
1002
440087
5886
90480
199699
256472
5781
79730
23302
54734
1198
3119
2624
10620
203562
23241
255520
1960
257044
64856
165721
50628
24147
54813
7681
10472
122525
246213
81858
85474
144132
139065
79571
132228
146310
4261
161882
201164
2918
23580
100128927
144811
84232
2205
340390
91523
9582
51268
220202
1003
116135
91663
727957
9792
9495
284353
126326
163732
154664
204801
84948
23042
127003
7710
22864
55600
9378
22928
151306
147808
55017
79738
84922
22827
284297
79077
51333
10194
118672
122809
284273
197407
284417
253650
255043
1731
54952
11336
221400
283461
122011
66004
9282
81889
157695
1104
29895
2147
8575
223082
10692
125893
55785
200150
4947
285848
124808
386618
284071
2535
166815
3059
222166
23060
5062
285331
90411
283254
54494
2619
23526
51276
144321
374986
3753
414235
8204
168620
85453
2529
8334
255308
387640
8347
151963
6752
84622
84333
146802
5551
4081
55432
169200
1132
387914
53637
80045
166012
120103
253832
124961
389840
5464
389362
79929
10224
3579
160298
6748
84698
126375
404093
23513
23510
728294
5021
55783
196335
286077
118442
137209
400410
23760
90843
255252
64928
283554
92346
166379
284406
284083
286006
1728
64782
79147
126003
9501
284439
343413
124512
284129
25994
390072
225689
79813
2149
286075
94025
4869
64219
55526
389197
92815
155061
5430
92293
284427
219902
23401
284114
124842
79692
347736
341208
388341
6357
255101
91351
163183
79701
2837
9625
23109
168544
6657
339500
55076
5912
57621
84282
79777
6448
2187
29072
221416
259236
399664
51649
64582
79008
53829
9966
286128
7262
285973
54112
284459
5324
286451
26137
205428
90355
57463
2827
169693
6478
22820
575
285195
84967
768211
64864
55343
201633
10193
6517
200205
1366
79673
94039
219432
134553
84890
51287
5571
64785
91050
64963
6635
219790
55228
51363
25834
3418
91304
7485
84629
28955
55505
375061
11022
7562
9798
375748
64975
339221
64764
286530
8633
283989
7318
51021
348378
5890
23641
51329
2131
6472
81532
84439
10159
124637
202134
25825
7325
23336
55267
55137
8905
65265
285429
342945
3770
26233
716
388323
100652824
143879
54059
2055
55344
11247
785
122553
161779
55666
400629
128553
147968
23265
3838
402415
633
79598
340596
2242
51218
90736
439921
3985
84975
338879
55256
201965
201305
339390
6304
11248
1436
2049
26609
170487
255324
389084
9951
22906
83882
23236
348235
4692
50863
7267
116729
283870
8811
492311
25987
302
9628
3214
340146
164091
5069
389692
51335
338442
55231
79098
645864
1397
55794
64746
29035
345557
284013
79087
3932
50614
80781
8241
222487
2747
6165
83733
170960
56849
28970
80254
6734
347741
2130
161753
10473
221178
10052
25904
9112
389114
23705
162967
144608
5831
84316
124976
199675
161
6546
89874
18
1468
57118
729540
145748
164684
125061
2621
166752
4703
57596
10082
389337
64478
119395
11251
285753
441430
2842
5877
338773
2188
83698
91689
4166
10856
390637
29119
80164
754
51428
140701
5343
9802
147372
9403
27439
9831
284656
202243
283677
54880
8690
163351
158358
341277
646658
2275
5367
440955
100128569
126075
54101
345193
9284
10946
391712
140460
646892
11219
29933
4600
57634
84206
54855
493753
51118
8624
253143
54988
253190
54039
84193
388121
84133
23194
128989
653604
119559
84734
116541
220929
56941
1232
8214
94137
348327
4707
441061
64410
407738
55039
353500
10189
359845
80258
117194
7378
84851
10186
146223
23585
430
29110
23466
346389
10607
83999
10293
11200
150209
57528
80139
157983
51807
100288332
90187
283298
389677
286826
114781
256281
339416
89876
29944
54097
55243
128239
10766
6331
340075
7404
339044
130502
146754
4068
100288072
5613
387893
131096
6525
283869
151649
28958
256435
8073
71
7113
23258
56616
26276
6899
55803
29796
54954
8663
7122
8508
6900
220074
3786
126382
388581
79174
152579
140739
54328
5504
64061
643707
283871
79640
11066
347516
3654
84319
5101
641371
220323
220
1038
8338
56660
317772
5463
80213
10078
4070
160365
5587
401145
254887
26576
6586
1946
3009
124783
11187
256714
1435
10584
84517
8398
84441
127550
26039
3751
116447
9276
64922
80764
9735
2826
400746
254240
253769
10587
4303
5454
11156
200350
348013
5627
256646
374659
340542
162239
51286
352999
1850
9021
57121
11260
340061
5142
8303
90134
4753
124751
9968
81931
10801
203074
157313
138046
139285
9923
8349
5413
56478
55328
55911
168400
25923
55967
644538
6991
7327
340562
23762
201501
79135
54732
25880
93517
155435
9823
90135
8971
375287
6612
83943
140597
728656
3714
752
728118
391356
286256
8590
146198
646851
4588
79050
11274
4700
1133
57537
80757
113277
10572
140707
8694
26985
2157
93034
377677
22888
23764
2972
389257
10509
339766
10519
56899
7469
57419
100130771
133491
80789
51065
149175
122622
338440
11124
255275
131583
56160
3297
387263
5813
8340
27124
83881
114659
317781
283820
59307
340371
10581
7127
353274
267002
51186
9230
10196
2811
55015
285755
7625
285600
283991
441549
147111
54033
84614
3563
339230
729238
729857
54622
8558
284186
8651
6948
10634
23545
5071
283643
9146
126282
5892
5600
93349
51263
123283
64754
25840
163702
6450
400451
374920
374395
285513
55010
246329
4919
4582
80233
3665
26013
79184
9899
348487
256329
149643
5148
5592
7026
727910
4045
113146
169611
6667
64976
389119
64714
10336
89782
5034
5719
5087
56901
399694
677
7332
54014
644994
6490
8224
5453
333929
79842
254773
254956
347918
23532
404220
4603
730094
4733
51479
253943
79943
10718
6345
399947
3434
159013
56479
339366
80333
10933
338321
348793
1762
79581
51227
10320
5833
339983
10134
51326
100506084
54584
127602
2124
440345
374899
79896
140691
527
8519
3916
84197
283897
200942
54093
5727
146760
255022
55599
10308
8660
402573
121006
23299
881
55217
6011
126520
22821
84859
51079
84924
57711
342909
220107
6887
64853
84529
146722
124626
653149
54103
84871
503582
120227
100130733
157567
23396
374973
10773
130355
353164
10623
164153
51741
338657
283149
51082
146909
84937
89958
123264
66002
64757
345079
55330
388567
114792
57496
151888
7565
55693
64222
5501
148254
4675
153768
23621
388531
285641
7058
6256
353322
200035
7626
260293
3858
101059918
342510
728621
55922
342035
2204
3840
10345
115560
10168
653140
4674
6228
54331
11118
158798
27445
3638
252884
84065
1187
257106
151011
85002
4051
114826
2306
23131
56971
4771
221491
375686
7328
84842
11104
123722
116985
347240
5138
90668
5553
55615
80829
284018
144233
90624
387885
493860
613
25794
139886
654254
474343
8372
147645
2833
84307
100101467
53373
11006
7293
10614
3861
129293
79955
23275
4137
54821
200728
8784
349667
23390
5030
55893
353174
5465
642987
64800
256949
129080
10881
6007
83715
138428
344658
353345
164656
51259
91582
339967
100130348
285382
7003
5333
957
4286
399671
4673
353514
152100
130574
1645
374955
55182
253935
57698
341567
730098
339327
23270
4501
2650
91404
23048
79659
81557
4059
222194
387129
349136
2057
63924
1630
51616
56123
9863
338645
375612
11261
2359
3010
387763
3767
389118
1282
338809
2701
5757
51182
344905
51547
9742
392636
7100
7874
342977
286380
378884
84069
201181
28986
200424
57335
9636
54932
400566
387032
400966
317749
148398
84808
400673
100190949
26059
145173
81848
3266
51393
340602
84281
94107
166348
79875
374407
6917
79840
2175
79048
389766
124
10507
8632
10445
643236
57697
7621
64170
375033
65243
347454
339559
388335
3006
1978
22953
550631
164118
116224
342979
729956
388512
401944
401027
100288637
50626
7373
92737
339451
222696
126432
100141515
162998
285386
729967
6274
29978
353116
646457
57474
284434
10123
168433
100130519
115273
147199
377047
123745
145873
346007
647024
338755
6300
441457
1287
375790
4810
401565
643853
199777
253012
376940
389541
5575
729262
374383
123879
390927
10383
119016
170622
400935
123688
643338
285180
163087
57801
79862
374872
344657
401541
5359
375341
387712
84527
388228
2963
137392
54914
284338
7784
440093
282973
5535
5133
343521
6402
1121
63915
375298
283652
389792
3014
387755
284325
197021
342897
84570
644815
389799
10772
3040
285193
388115
4077
57186
27158
345630
154215
344838
144535
1201
56624
6613
340719
653720
84247
1806
140576
375743
387707
283726
6006
169355
29780
57835
7390
51114
113763
347148
643155
375567
340277
144404
401024
23029
10811
130612
440603
399473
349633
390598
378807
5549
147694
4520
127391
199953
387921
79844
441168
1269
84464
441509
377841
9045
389206
149297
147837
342125
85302
346689
431705
339287
400499
120892
2707
79979
401494
257177
158293
257313
401546
26155
345222
25920
149998
339977
23036
135458
283219
374897
134637
391104
163081
4697
728780
121642
51136
643904
5649
374393
347
3005
9516
284415
196528
23450
388552
80320
340120
219348
222698
1364
126231
100129583
51155
84503
646799
6284
7581
54510
162966
23285
4128
145853
389643
7259
55629
51233
2709
2272
285016
80317
27341
132660
9679
389384
57402
23254
728661
165186
100131211
200810
23708
84933
284340
3146
8510
400745
139735
127534
282991
10388
440519
3556
11122
5079
374879
23424
90835
653319
3123
8644
26010
58500
151525
7633
6275
25894
79633
124602
148213
36
83931
9725
1510
64218
54737
9687
284759
90321
6261
9901
63939
203068
84458
6829
63929
51427
389376
5478
57573
162962
284443
84163
8464
60491
487
3376
84278
9883
29068
55340
56164
54413
55888
1604
147929
84628
1995
11091
9361
8295
55190
2526
79754
222553
80778
163115
7699
388324
342132
5770
51466
284486
124056
2050
5657
91661
7678
2547
6276
9858
148545
9819
1413
438
440348
148266
100131755
79693
27153
30849
285971
100289635
6399
10597
140465
90576
8823
6477
140680
2104
79711
9612
6817
132946
55660
54834
85012
51434
27010
6536
60312
4666
399687
54785
4122
4311
729533
55959
3048
3908
23654
55966
7516
4646
57591
3066
158431
728378
162993
7366
6925
65267
57001
3269
55684
7695
23660
91392
51399
150737
55532
9895
51284
399888
643836
112479
54543
84941
7442
7582
57473
51321
170959
4763
154807
147686
1612
3117
85301
2760
8329
6273
90592
961
7088
55534
8969
29966
8187
1146
80345
89853
64771
100
10865
160760
387990
285190
374354
140612
343990
445571
6334
3914
128312
389320
3841
23365
27198
9260
2316
219623
57522
10447
161424
440077
57181
837
160
199704
170384
307
8270
54554
100507607
11152
51108
7697
353088
388566
29950
163227
541578
57541
221785
309
126068
2764
284266
147923
284390
79830
401124
8364
4097
92714
85379
3482
79690
1778
388662
5094
84619
123096
80055
6714
91120
400720
113835
399909
203102
51703
23507
11194
8356
27044
146540
6799
341676
5718
4105
55124
140688
375791
6583
342933
9583
10438
23061
8363
79927
5265
25959
2961
246778
25788
7718
8831
128486
641
124411
84301
6840
51592
26020
57162
79027
219927
91373
283807
136051
340385
171392
6584
147906
104
344787
3064
728
8351
79674
23729
3652
4217
55753
373156
3182
50861
5154
2996
1305
6693
57116
56125
89887
81031
79788
84154
64078
400823
142678
4644
441108
3004
10533
26037
92104
1991
57799
23556
1288
57547
11147
3201
10210
83875
10242
955
5167
645811
84188
65250
284371
284370
91966
56882
219972
5055
1803
80380
163059
196385
6709
4828
55742
57565
92689
6120
10794
1379
5253
6231
283579
5660
6281
80217
6168
3223
114112
1675
441476
440738
79892
197342
122773
347344
6884
284323
55210
79607
92283
100499483
23315
100506658
121504
339318
55924
51710
8733
54557
388536
5544
81553
4641
259283
28512
7367
644890
23303
128
85236
7004
6687
388697
388585
342926
30001
55552
282890
84671
5336
89848
58491
6277
6136
26052
7675
9019
23230
4155
8227
54898
389170
127687
283420
3792
55035
51135
115948
9228
28977
57089
63925
6191
10793
7637
84549
63934
553
140885
84677
2870
5557
54708
27233
7541
23607
54830
9814
65251
127
57209
337876
54863
1902
4151
26275
27300
161145
65124
54989
728741
79366
57708
10905
258010
90987
65992
7027
84775
55713
51170
23334
6819
7789
83694
777
54870
1438
11325
6147
55315
6815
59286
9931
89894
54963
219968
84433
220992
5178
55153
7745
144717
219844
4635
79973
126017
3221
415116
439
444
200734
11060
2673
7405
7574
50618
4914
10724
4494
9747
7620
7296
441478
147949
374900
158586
147657
84914
7169
83699
388558
148741
51441
55319
3127
51062
1259
7975
339541
7594
11321
5350
145741
7576
9358
118472
199692
283518
11169
285989
1500
7919
142680
343035
117157
23237
131870
9874
987
4326
11177
10920
26112
4194
6262
147658
55958
23054
27347
6898
221477
801
4018
338811
9652
286319
4100
9060
10479
22909
9086
4541
55705
80184
4513
112770
23116
28514
124930
10455
10497
374877
4519
8861
9646
64093
2153
51734
347731
22834
57154
63906
9578
5365
64064
4736
23127
4536
92241
26049
91603
116443
4540
29883
25829
2475
192683
25925
115701
9860
4512
4860
2710
22887
140467
113402
919
2913
283489
22876
9824
56670
3151
140606
51465
57165
4976
9909
6263
11179
4537
112970
51714
9760
1066
916
9853
11153
58505
91300
116461
26046
146923
100129792
169436
2869
55253
25853
57713
114824
150771
4538
23137
4535
55170
149345
85457
830
4508
7150
9055
80823
4215
3897
6721
339448
221002
51490
6170
9666
9851
9937
79065
9722
158511
353
9737
9755
57692
154467
4514
80108
134548
84456
1756
9848
4668
23381
26128
7052
54470
9867
6096
259230
170958
64423
84288
116228
1122
375057
388743
128387
1378
388722
127670
345930
9293
2214
253582
387103
503542
619208
92565
399818
8528
8337
440689
3284
282996
206412
2664
55251
54923
441161
388649
414157
148418
26071
84455
440590
138307
439996
643418
142910
221424
100132074
90196
158931
3633
29935
129807
9935
26146
53344
26058
55680
340527
65979
653308
414189
84243
170371
158830
83849
55219
26095
57683
255220
1616
659
6920
10471
6015
7923
6257
339229
1302
3111
6046
3108
1290
5696
6891
169981
3122
56244
1306
10665
4855
5089
177
6048
10554
494513
80863
63943
64978
643008
285141
8859
1797
6499
445577
7936
120406
221527
6392
10919
143903
80736
4758
50854
3304
3303
3305
57819
7407
80737
114769
55777
4439
80739
80740
7920
80741
1460
7918
57827
55937
7917
7916
199
259197
7940
4795
730051
4277
90233
100507436
390980
3107
5460
649137
54535
170679
8449
221545
28973
5514
387273
23
80742
11025
780
2794
3133
56658
90333
90317
10107
11074
80352
6992
57540
10399
3135
11138
3134
554235
646019
84335
653316
2550
399726
387778
5987
340895
64901
100131897
653427
116540
642475
6311
1639
57469
79600
29902
3104
444882
440145
643394
100505591
7711
790955
554251
392307
57126
100289678
155054
494188
728568
56114
10206
100170765
84501
390748
93035
100506736
574016
84912
100130958
79583
346653
645121
339453
259308
344387
390110
441054
286144
644096
138715
55851
100131378
65986
201725
284402
55366
5699
441273
1874
5150
100113407
6643
56953
84324
9289
10527
54458
25851
388135
3426
54809
255919
91828
92270
317762
57139
4676
7114
254863
1375
6607
728492
3150
414918
728689
51451
388931
425054
150383
91750
641372
54065
8110
100287284
144363
100130311
6453
162073
79958
9946
285636
645432
403313
342346
153657
10737
387911
387264
10215
56245
10921
57523
131118
387733
220164
90861
653082
3039
3042
57194
389161
253018
131873
201475
3105
201562
55779
348801
389136
131405
152098
23243
8292
131965
2878
1734
280636
1733
23012
22908
7247
55652
163154
259294
259296
50840
50838
100505753
64693
339263
441518
402317
727800
4539
54627
5462
51157
81856
23636
163486
375035
11116
22828
25790
9534
255758
1427
1396
151230
196792
286827
10962
9311
170575
84960
445328
728489
6827
114960
4893
51239
81890
1147
83463
2946
84342
84986
55559
3931
4111
5790
79037
221914
6494
2086
55333
402
388646
494115
10011
375346
23234
414919
7416
221504
51075
3073
4722
54741
81606
113179
5500
63940
27040
51517
1388
11277
1903
54978
388799
1192
23564
6235
534
7693
2968
51202
91664
2013
147040
56260
147699
388551
151295
1241
56413
1773
1454
10379
2592
3046
9080
3672
390916
730087
30851
8906
7643
55739
100271849
2595
26140
29803
6150
101060200
79086
157574
7106
8904
339231
255798
494551
57128
26292
155006
768206
10195
79729
401397
255809
339210
51024
283
120376
441272
255374
387104
54492
79441
387804
92482
440503
153218
613227
51400
10809
728130
64506
400954
23053
414152
100271715
728858
7866
440854
9189
221092
751071
643680
654463
4515
219537
125150
64283
100130742
729920
341392
79680
340267
11331
84461
392862
137886
644019
4586
55889
730112
55670
134111
60493
440270
57594
100507650
1654
64601
4636
55628
79716
283514
388795
400831
51032
729515
56900
8718
9906
100131187
606495
284498
100287898
219293
10437
147710
285095
79741
96459
644186
51192
51025
55714
100505876
100129278
163033
440400
25817
55672
729852
648791
375190
645191
100125288
6844
441150
5534
2189
9179
84226
91584
4102
1052
646450
63920
284293
23467
221786
5520
55150
400713
10626
200765
53822
389668
84561
80830
3995
346528
81669
7311
343263
9374
57232
9220
149478
222234
84084
101928147
641455
149069
118460
6293
146822
284391
340900
3045
2657
3115
80772
92340
721
199800
342371
221710
642778
642799
284184
401399
9842
100129480
100191040
84627
348262
65010
100128071
2074
51406
101928448
392617
348751
647310
728763
139425
79134
285643
440498
259292
100170229
441531
100288413
4049
56967
9277
100131827
100144748
8505
113178
4050
4509
5005
55009
100128731
283008
643988
389333
1719
401251
6171
5004
197135
146542
100131801
401067
100506012
5545
404281
3281
284067
3113
6222
729582
144448
1589
402135
6892
114821
643382
51372
28985
100463285
647219
389813
3120
643699
7124
100303755
201229
644844
643596
2876
643376
388564
8341
6234
7726
345462
388849
390594
728927
390940
133874
257415
729978
3106
143678
440829
64288
387882
388588
51236
90673
729020
150372
378925
9674
8705
84968
9278
154790
58486
342618
54753
54848
643854
646603
84752
91368
1159
100129842
5863
388553
729993
3118
3833
345611
285550
474170
90120
343171
389860
81567
652968
7844
10432
84964
142686
10324
26219
285051
4830
8742
284040
60489
54106
23559
51373
1668
51608
400793
158
11027
84066
280
58496
5698
5098
100287482
90639
84129
53938
23495
358
57461
10687
401387
56097
115557
387521
57665
257068
4282
221078
3112
57002
57830
27297
374286
6173
57026
79897
9936
80864
9551
23779
10093
1325
11185
10552
8577
539
80301
541565
23761
112817
5822
5297
11217
25764
23600
51537
140290
26286
632
128977
23089
3692
56098
55052
348110
5273
3109
26063
2790
1270
728591
340526
9907
163051
161497
30816
8637
9553
57553
11037
11230
391123
647087
154881
1945
353376
114299
401115
24142
105375355
388820
3588
629
642819
116143
4831
100137049
10637
149465
100132247
7268
100137047
140564
401427
64968
84450
57529
95
9054
1650
147007
5032
85014
402778
55861
2119
440050
10137
405754
79168
91179
27350
642636
152206
151516
81392
7335
100142659
720
3043
10443
92285
55766
390595
192111
11344
92935
158880
593
3640
984
553158
134187
654790
25864
100526772
283152
342184
100526740
23354
267020
441027
4671
729288
388569
163050
10016
653125
283847
25907
374887
57604
389203
2994
400916
152756
1018
27239
90423
2738
345051
6414
641339
100302736
25850
85358
162972
26025
100127983
168455
3206
56100
647174
100507341
56110
56108
347051
143244
440138
552889
5591
56109
9708
9724
56106
56105
56103
8641
339324
4067
54984
56099
728888
56104
56112
100049587
59351
91056
29082
89858
4975
283106
8790
100423062
92312
5003
84769
729991
10072
404734
3846
55845
57132
493861
440068
23741
259289
8843
55096
728734
81488
91893
401258
100463486
259295
1548
1519
100463488
84334
161582
9668
259293
100462983
7556
90649
3145
7768
259290
11232
79290
100462977
387837
59348
56242
84290
3240
57189
26065
283948
574028
283459
100381270
8972
2342
729747
90589
8693
255783
10330
93432
1523
100134934
613038
23601
91612
100528022
124944
51750
147660
64146
246777
100529063
53840
6038
4157
90799
10381
100526835
100130933
3690
643664
100533106
2688
79178
26589
100505679
146429
100507588
3217
100506581
343702
9236
6818
100507421
100507290
653075
100287362
8139
145788
653061
107282092
728498
56107
100507003
10896
56102
79585
643669
56111
6182
10780
728833
140735
6139
100861412
92335
80022
26083
5348
80755
342892
100885848
26974
9294
112812
7767
100506374
440335
55957
4701
147670
29057
100462981
125972
115290
100293516
6689
646862
112398
100533184
101928601
100529215
100302652
140809
340307
404672
11165
389125
150590
2904
8926
728116
